1, 24, 18
2
3
4, 29, 27
5
6
7
8, 13, 26
9
10
11, 23, 12
12
13, 16, 22
14
15
16, 28, 6
17
18
19, 3
20, 8, 2
21, 25, 15
22
23, 21, 10
24, 20, 14
25, 4, 7
26
27
28, 11, 9
29, 30, 5
30, 19, 17

1, 2
2, 8, 25, 30
3, 25, 29, 10
4, 17, 28
5, 7, 8, 18
6, 9, 7
7, 15, 2
8, 16, 30, 29
9, 13
10, 15
11, 30, 14
12, 8
13, 23
14, 8, 11, 23
15, 28, 7
16, 18, 5
17, 25, 27, 8, 7
18, 15
19, 20, 10
20, 15, 18, 27
21, 21, 26
22, 21, 6, 3, 14
23, 8
24, 11, 10
25, 9, 29
26, 7, 8
27, 12, 2
28, 7
29, 24, 1, 26
30, 4, 25, 22

1, 8
2, 6, 14, 11
3, 9, 4, 20
4, 18, 28, 22
5, 27, 19, 7
6, 26, 13, 10, 12
7, 21, 24, 15
8, 30
9, 29, 23
10, 16, 17
11, 25
12
13
14
15
16
17
18
19
20
21
22
23
24
25
26
27
28
29
30

1, 18
2, 8, 30, 23
3, 15
4, 26, 8, 21
5, 5, 16, 7
6, 8
7, 2, 25, 3
8, 2, 14
9, 29, 28
10, 26, 15
11, 7, 30, 5
12, 2, 19, 10
13, 13, 5
14, 9, 7, 16
15, 22, 21
16, 20, 29
17, 26
18, 7, 10
19, 8, 14
20, 2, 30, 12
21, 19, 17
22, 19, 22, 26
23, 2, 13
24, 6
25, 6, 10
26, 26, 21, 20
27, 14, 12
28, 21
29, 2, 5, 28
30, 5

1, 8, 13
2, 23, 23, 2
3, 28, 12, 22
4, 9, 21
5, 14, 22
6, 15
7, 14
8, 16
9, 23, 20
10, 17
11, 18, 18
12, 22, 28
13, 20, 16, 8
14, 10, 6
15, 21, 9
16, 5, 5
17, 23
18, 27, 20
19, 1, 23, 12, 28
20, 4, 7, 27
21, 12, 28, 6
22, 8
23, 16, 7
24, 16, 18
25, 22
26, 22, 27, 9
27, 5
28, 24, 4, 10, 9
29, 11, 29
30, 17, 12, 1

1, 6, 19, 5
2, 11, 18, 25
3, 23, 4
4, 14, 21
5, 8
6, 17, 20, 10, 29
7, 27, 30
8, 24, 12, 26
9, 15
10, 22, 16
11, 13
12, 28
13
14
15
16
17
18
19
20
21
22
23
24
25
26
27
28
29
30

1, 27, 20
2, 12, 7
3, 6
4, 25
5, 16
6, 9, 28, 13
7, 14, 30
8, 22, 26, 15
9, 19, 18
10, 17
11, 24, 23
12, 29
13, 21
14
15
16
17
18
19
20
21
22
23
24
25
26
27
28
29
30

1, 22
2, 4, 13, 30
3, 14, 26, 18, 3
4, 11, 27, 16
5, 22, 10
6, 29
7, 23
8, 9, 7
9, 2
10, 30, 24, 19
11, 4
12, 24, 28, 28
13, 4, 1, 24, 15
14, 26, 3
15, 9, 5
16, 2, 7
17, 22, 1, 12
18, 4, 5
19, 1, 4
20, 17, 27
21, 13, 5
22, 29, 28, 5
23, 18
24, 16, 4, 21
25, 5, 7
26, 29, 2, 9, 16
27, 15, 1, 21
28, 24, 22
29, 6, 2, 27
30, 22, 18

1, 2, 6
2, 18, 16, 28
3, 15, 26
4, 10, 24
5, 8, 17
6, 20
7, 21
8, 14, 27, 13, 19
9, 12
10, 23, 29
11, 25, 22
12, 30
13
14
15
16
17
18
19
20
21
22
23
24
25
26
27
28
29
30

1, 19, 12, 21
2, 6, 22
3, 25, 18, 14
4, 13, 27, 5
5, 4, 5
6, 23
7, 5, 23, 13
8, 11, 30, 6
9, 5, 27, 4, 12
10, 26
11, 26, 2, 7
12, 26, 16
13, 15, 26, 17
14, 28, 13, 3
15, 18, 18
16, 7, 24, 17, 27
17, 26, 22
18, 8
19, 5, 14, 28
20, 13, 14
21, 27
22, 26, 7, 30
23, 3, 22, 16, 25
24, 1, 4, 11
25, 15
26, 8
27, 10, 2, 9
28, 8, 24
29, 29
30, 29, 28

1, 23, 22, 12
2, 21, 26
3, 25, 8
4, 30, 9
5, 7, 20
6, 29, 11
7, 14, 28, 17
8, 19, 24
9, 15
10, 27, 18
11, 13
12, 16
13
14
15
16
17
18
19
20
21
22
23
24
25
26
27
28
29
30

1, 15, 16, 12
2, 5, 23, 20
3, 25, 17, 27
4, 29
5, 10
6, 18, 9, 8
7, 30, 26
8, 14, 13
9, 11, 19, 24
10, 21, 22
11, 28
12
13
14
15
16
17
18
19
20
21
22
23
24
25
26
27
28
29
30

1, 16
2, 7, 10, 1, 1
3, 2, 14, 5
4, 23, 4
5, 4
6, 30, 9
7, 16, 9, 6
8, 15, 17, 3
9, 30, 18, 14
10, 3, 8
11, 1
12, 24
13, 30
14, 10
15, 12, 7, 5
16, 1
17, 19, 20
18, 16
19, 10, 26, 15
20, 1, 21
21, 30
22, 20, 19
23, 27, 3, 14, 19
24, 24, 24
25, 20
26, 8, 27, 21
27, 28
28, 22
29, 13, 4, 23, 30
30, 27

1, 14, 13
2, 4
3, 23
4, 16
5, 3, 12, 16
6, 25, 27
7, 14, 8, 8, 15
8, 14
9, 5, 9
10, 10, 7, 25
11, 10
12, 1, 30, 23
13, 23, 5, 12
14, 23, 6
15, 20, 2
16, 19
17, 11
18, 28, 13, 7
19, 25, 10, 8
20, 5
21, 28, 7, 23
22, 29, 20, 5, 13
23, 2
24, 3
25, 4, 1
26, 24, 29, 7
27, 11
28, 10, 1
29, 10
30, 20, 3, 11

1, 7
2, 30
3, 13, 18, 12
4, 8, 27
5, 15
6, 17, 11
7, 23, 28
8, 10, 22, 24
9, 16, 21
10, 26, 25
11, 14, 19
12, 29
13, 20
14
15
16
17
18
19
20
21
22
23
24
25
26
27
28
29
30

1, 16, 18, 10
2, 8, 26
3, 29, 8, 27
4, 28, 25, 15
5, 29, 29
6, 11, 4
7, 21, 17
8, 8, 24
9, 12, 13, 7
10, 13
11, 18, 9
12, 18
13, 2, 15
14, 9, 26
15, 3, 25, 3
16, 19, 8
17, 23, 5, 17, 9
18, 16
19, 29, 13
20, 22, 6, 29, 19
21, 14, 7
22, 24, 21, 16
23, 29, 9, 28
24, 20
25, 6
26, 21, 5
27, 8, 28, 19, 12
28, 30
29, 15
30, 8, 4, 20

1, 22, 1, 29, 1
2, 3, 3, 3, 4
3, 5, 28
4, 16, 18
5, 4
6, 1, 3
7, 24
8, 11
9, 19
10, 17, 21
11, 28, 22
12, 18
13, 9
14, 23, 17
15, 23, 30
16, 6, 25
17, 26, 21
18, 2, 3
19, 30
20, 9, 23
21, 22, 17
22, 2
23, 14, 17
24, 23, 14, 3
25, 18, 15
26, 24, 1, 28
27, 26, 15
28, 27, 29
29, 2
30, 26, 15

1, 26, 7, 27
2, 4, 9, 16, 28
3, 10
4, 20, 24, 25
5, 2, 13
6, 1
7, 8, 6
8, 29
9, 27, 6
10, 29, 28, 24
11, 15
12, 18, 14
13, 6, 5, 20
14, 7, 13
15, 17, 7
16, 28, 18, 22, 24
17, 28, 6
18, 23
19, 6, 29
20, 3, 27
21, 14, 1
22, 26
23, 4, 11
24, 24, 22
25, 29
26, 17, 21
27, 17, 22
28, 24, 8
29, 19, 10, 30
30, 23, 23, 30

1, 30, 18
2, 24, 25
3
4
5
6, 21, 27
7, 16, 5
8, 23, 19
9
10
11, 7, 4
12, 9
13
14
15
16, 2, 3
17, 29, 14
18
19
20
21, 11, 15
22, 6, 26
23, 17, 10
24, 12, 28
25
26
27
28
29, 22, 20
30, 8, 13

1, 4
2, 3, 15, 9
3, 20, 26
4, 13, 10
5, 22, 11
6, 18, 23
7, 21, 8
8, 30
9, 28, 17, 12, 19
10, 16
11, 25, 29
12, 24, 27
13, 14
14
15
16
17
18
19
20
21
22
23
24
25
26
27
28
29
30

1, 28, 11
2, 23
3
4, 9, 17
5, 10, 3
6
7, 2, 18
8, 4, 15
9, 7, 16
10, 8, 13
11
12
13
14, 30, 12
15
16
17
18
19
20
21, 24, 6
22, 21, 19
23
24, 14, 20
25, 5, 29
26
27
28, 22, 27
29
30, 25, 26

1, 20, 20, 4
2, 29, 6, 17, 15
3, 9, 4
4, 10, 11
5, 17, 25, 23
6, 24, 14, 14, 9
7, 11, 17, 6, 24
8, 11, 23
9, 28, 21
10, 5, 17
11, 18
12, 26
13, 21, 20
14, 13, 8, 28
15, 11
16, 1, 11, 5
17, 29
18, 27, 9, 18
19, 4
20, 28
21, 2
22, 3
23, 13, 27
24, 23
25, 25
26, 23, 23, 16
27, 28, 18
28, 19
29, 6, 20, 23
30, 19

1, 6, 17
2, 25, 27
3
4, 28
5
6, 20, 3
7, 15, 23
8, 7, 11
9
10
11
12, 13, 22
13, 2, 16
14
15, 21, 5
16
17
18, 4, 14
19
20, 24, 30
21, 18, 9
22
23
24, 26, 29
25, 8, 10
26, 12, 19
27
28
29
30

1, 28, 20, 8
2, 1, 15, 16
3, 19, 4, 19
4, 8, 4, 21
5, 14, 20, 29
6, 16, 18
7, 4, 14
8, 8
9, 27
10, 8, 8, 2
11, 16, 7, 25, 3
12, 20, 1
13, 21, 21, 15
14, 7
15, 6, 19, 29
16, 26, 10
17, 21, 24
18, 9, 30, 26
19, 3
20, 28, 4
21, 30, 13, 21
22, 22
23, 20, 23, 26, 21
24, 27
25, 3
26, 14
27, 29, 10
28, 11
29, 24, 3
30, 25

1, 9
2, 24, 20
3, 22, 7
4, 27
5, 16, 8, 19
6, 26, 23, 15
7, 14, 10
8, 30, 17
9, 29, 13
10, 21, 18
11, 12, 25
12, 28
13
14
15
16
17
18
19
20
21
22
23
24
25
26
27
28
29
30

1, 2, 22
2, 23, 18
3, 27
4, 9, 2, 4
5, 17, 1
6, 12, 10
7, 12, 13
8, 24
9, 23, 11
10, 6, 17
11, 8, 1
12, 20, 3
13, 16, 18
14, 3, 28
15, 30
16, 10
17, 28, 25
18, 5, 5, 10, 13
19, 3, 30
20, 29
21, 27, 30
22, 28
23, 19, 25, 7, 3
24, 8
25, 16, 29
26, 26
27, 19, 11, 21, 23
28, 23, 28, 21
29, 18, 28, 22, 19
30, 17, 12

1, 6
2, 16, 29
3, 14, 22, 16, 14
4, 19, 27
5, 16, 20, 3, 14
6, 27, 25, 16
7, 3
8, 7, 4
9, 3, 2
10, 14, 10
11, 27
12, 21, 11, 26
13, 22, 16, 24
14, 8
15, 22
16, 26
17, 2
18, 27, 22
19, 17, 27
20, 3, 14, 21
21, 24, 13
22, 13, 4, 24, 26
23, 13, 22, 19
24, 8
25, 26, 28, 28
26, 24
27, 30, 18
28, 21, 29, 18
29, 22, 24
30, 18, 18, 10

1, 17, 30, 9, 18
2, 19, 26, 27, 6
3, 22, 8
4, 20, 11, 25
5, 28, 14, 21, 16
6, 7, 15
7, 23
8, 24, 29, 10
9, 13
10, 12
11
12
13
14
15
16
17
18
19
20
21
22
23
24
25
26
27
28
29
30

1, 25, 4, 12
2, 26
3, 27, 8, 6
4, 23, 30
5, 15, 29, 18
6, 7, 21, 24, 9
7, 14
8, 28, 20, 19
9, 10, 17, 16
10, 11, 13
11, 22
12
13
14
15
16
17
18
19
20
21
22
23
24
25
26
27
28
29
30

1, 5, 17
2, 15, 26
3
4, 18
5, 2, 10
6
7, 4, 9
8
9
10
11
12, 24, 22
13, 12, 20
14
15, 13, 8
16
17
18
19
20
21, 23, 29
22
23, 28, 16
24, 25, 14
25, 27, 11
26
27, 30, 19
28, 7, 6
29
30, 21, 3

1, 14, 19
2
3, 24, 2
4
5
6, 10, 23
7, 8, 18
8, 28, 25
9
10, 3, 9
11, 17, 13
12, 22, 16
13
14, 12, 27
15, 29, 20
16
17, 21
18
19
20
21
22, 15, 26
23
24, 11, 4
25
26
27
28, 6, 5
29, 7, 30
30

1, 29, 17
2, 30, 16
3
4
5, 6, 20
6, 25, 22
7, 24, 3
8
9
10
11, 28, 18
12
13
14, 26, 13
15
16
17
18
19, 11, 9
20
21
22
23, 19, 8
24, 2, 15
25, 23, 12
26, 27
27
28, 7, 4
29, 5, 10
30, 14, 21

1, 24, 22
2
3
4
5
6, 18, 14
7
8, 16, 4
9, 30, 20
10
11
12, 19, 7
13, 2
14
15
16, 27, 29
17, 6, 5
18, 28, 15
19, 25, 23
20
21
22
23
24, 8, 10
25, 9, 21
26
27, 17, 11
28, 12, 26
29
30, 13, 3

1, 18, 5
2, 9, 20
3, 7
4, 8, 24, 17
5, 14, 23, 21
6, 25
7, 15, 30, 16
8, 28, 10
9, 19, 29
10, 22
11, 12, 26
12, 13
13, 27
14
15
16
17
18
19
20
21
22
23
24
25
26
27
28
29
30

1, 25, 4, 25
2, 8, 19, 6
3, 5, 13
4, 30, 5, 11, 13
5, 2, 3, 22
6, 10, 28
7, 27, 16
8, 11
9, 24
10, 17, 23
11, 28
12, 12, 22, 25
13, 26
14, 2, 16, 21
15, 21, 8, 5
16, 9, 9, 23
17, 23
18, 19, 18, 28
19, 11, 5
20, 4, 12, 10
21, 21, 21, 9, 17
22, 28
23, 3, 24, 2
24, 12
25, 13, 16, 11
26, 26, 15
27, 23, 10
28, 19, 28
29, 13, 30, 9
30, 9, 25, 17

1, 10
2, 4
3, 26, 29
4, 12, 23
5, 11
6, 17, 14, 18
7, 20
8, 9, 19, 21, 25
9, 13, 27
10, 16, 30, 24
11, 22
12, 15
13, 28
14
15
16
17
18
19
20
21
22
23
24
25
26
27
28
29
30

1, 23, 26
2
3
4
5
6, 19, 15
7, 10, 28
8
9
10, 9
11
12, 7, 17
13
14, 6, 3
15
16
17
18
19, 29, 18
20, 12, 2
21, 27, 11
22, 21, 4
23, 30, 5
24
25, 14, 24
26
27, 25, 13
28
29, 20, 16
30, 22, 8

1, 19
2, 23, 9, 14
3, 21
4, 16
5, 26, 27, 11
6, 15, 7
7, 20, 8, 29, 17
8, 30
9, 12, 18, 25
10, 22
11, 28, 24
12, 13
13
14
15
16
17
18
19
20
21
22
23
24
25
26
27
28
29
30

1, 27
2, 2
3, 8, 16
4, 8
5, 30, 16
6, 15, 2
7, 22, 22
8, 14, 21
9, 12
10, 14
11, 24, 16
12, 30, 7, 19
13, 16
14, 9, 18
15, 1, 27
16, 3, 9
17, 19, 23
18, 9, 18, 21
19, 5, 5, 28
20, 9
21, 4, 18, 28, 7
22, 15, 2
23, 27, 22
24, 25
25, 23, 8, 14
26, 21, 18, 4
27, 11
28, 1, 11
29, 27
30, 7, 29

1, 27, 15
2, 17, 6
3
4
5, 20, 25
6
7, 14, 19
8, 7, 3
9, 2, 12
10
11
12
13
14, 22, 11
15
16, 5, 21
17, 18, 29
18, 23
19
20, 28, 13
21
22, 9, 10
23
24
25
26
27, 16, 4
28, 30, 24
29
30, 8, 26

1, 16, 20
2, 13, 30
3, 17, 10, 14
4, 6
5, 29
6, 15, 27, 22
7, 28
8, 21, 26
9, 23, 24, 19
10, 12, 25
11, 18
12
13
14
15
16
17
18
19
20
21
22
23
24
25
26
27
28
29
30

1, 11, 21
2, 5, 17
3
4
5, 19
6, 10, 29
7
8
9
10, 26, 9
11, 23, 30
12, 22, 7
13
14, 27, 18
15, 12, 24
16
17
18
19
20, 28, 8
21
22, 6, 16
23, 14, 4
24
25
26, 2, 13
27, 20, 25
28, 15, 3
29
30

1, 25, 28
2, 18, 12, 17
3, 14
4, 9
5, 21, 19, 27, 6
6, 30, 8, 16
7, 11, 23, 13
8, 22, 26, 24, 29
9, 15, 10
10, 20
11
12
13
14
15
16
17
18
19
20
21
22
23
24
25
26
27
28
29
30

1, 9, 28
2, 12, 7
3, 6, 29
4, 25, 4
5, 20, 11, 16
6, 15, 27, 13, 19
7, 9
8, 8, 6
9, 27, 24, 11
10, 16, 30, 25
11, 26, 16, 9
12, 3, 27
13, 22, 6, 4, 20
14, 21, 7
15, 9, 29
16, 18, 8, 26
17, 16, 9, 27, 26
18, 9, 8
19, 21, 30
20, 3
21, 4, 14
22, 29, 4
23, 28, 26, 12
24, 6, 2
25, 23
26, 12, 2
27, 16, 3
28, 12, 14
29, 9
30, 12, 15, 21

1, 7, 13
2
3
4
5
6
7, 9, 15
8, 10, 6
9, 11, 3
10, 25, 16
11, 21, 26
12, 22, 24
13
14
15
16
17
18
19, 30, 2
20, 19, 5
21, 20, 18
22, 29
23, 12, 28
24
25, 27, 17
26
27, 23, 14
28
29
30, 8, 4

1, 3, 15, 8
2, 11, 21
3, 28
4, 5
5, 27, 9, 6
6, 17
7, 24, 19, 13
8, 16, 10
9, 23, 25
10, 30, 22
11, 29, 12
12, 18, 20
13, 14
14, 26
15
16
17
18
19
20
21
22
23
24
25
26
27
28
29
30

1, 28, 19
2
3, 29, 6
4
5, 15, 17
6
7, 2
8
9
10, 27, 14
11, 26, 23
12
13, 25, 20
14
15, 7, 24
16, 3, 9
17
18
19
20
21, 13, 30
22
23
24
25, 11, 4
26, 10, 12
27, 16, 8
28, 21, 18
29, 5, 22
30

1, 7
2, 5, 29
3, 18, 9, 28, 22
4, 25
5, 27, 13, 12, 20
6, 17, 30
7, 21, 15, 8
8, 23, 14
9, 26, 19, 11
10, 24
11, 16
12
13
14
15
16
17
18
19
20
21
22
23
24
25
26
27
28
29
30

1, 2, 6
2, 22, 17
3, 20
4, 2, 9
5, 8, 17, 12
6, 30, 27, 8
7, 29
8, 25
9, 8, 19
10, 5, 12, 24
11, 27
12, 24, 28
13, 2, 4, 6
14, 7
15, 18
16, 28, 14
17, 20
18, 22, 4, 2, 8
19, 16
20, 27, 26
21, 14
22, 27, 28, 9
23, 30
24, 3
25, 22
26, 15
27, 16, 23, 10
28, 29
29, 24, 23, 11
30, 10, 19, 4

1, 5
2, 19, 23, 22
3, 13, 10, 4
4, 14, 11, 21
5, 9, 20, 12
6, 18
7, 26, 15, 25, 28
8, 24, 30
9, 17, 29
10, 16
11, 27
12
13
14
15
16
17
18
19
20
21
22
23
24
25
26
27
28
29
30

1, 13, 22, 27
2, 6, 22, 20
3, 23
4, 14
5, 26, 5, 15
6, 14, 6, 16
7, 15, 23
8, 17, 5, 10
9, 18
10, 28, 13
11, 23
12, 22
13, 11, 29, 22, 25
14, 23
15, 30, 28, 2
16, 20, 15, 4
17, 22, 28, 16, 17
18, 4, 5
19, 19
20, 9
21, 17, 5
22, 25, 28, 15
23, 10, 6, 13
24, 11, 19, 18, 10
25, 24, 13, 7
26, 18, 1, 19
27, 6, 2, 7
28, 7, 7, 26, 20
29, 7, 29, 14
30, 13, 3, 3

1, 25, 26
2, 16
3, 21, 6, 9
4, 29
5, 12, 17, 30, 28
6, 8, 11
7, 23, 22, 27
8, 10, 18, 24, 14
9, 20, 19
10, 15
11, 13
12
13
14
15
16
17
18
19
20
21
22
23
24
25
26
27
28
29
30

1, 9, 26
2, 20, 21
3, 14, 27
4
5
6, 13
7
8
9, 18, 4
10
11, 12, 5
12, 29, 7
13
14, 2, 30
15, 25, 23
16, 11, 17
17
18, 16, 28
19
20, 15, 10
21
22
23
24, 6, 22
25, 24, 8
26
27
28
29, 3, 19
30

1, 24, 26
2, 16, 14
3, 15, 20
4
5
6
7, 12, 28
8
9
10, 22, 6
11
12, 3, 27
13, 23, 18
14
15, 29, 8
16, 19, 11
17
18
19, 10, 5
20
21
22, 13, 4
23, 9
24, 30, 17
25
26
27
28
29, 2, 25
30, 7, 21

1, 3, 5
2
3, 18, 13
4, 11, 24
5
6
7, 4, 8
8
9, 21, 23
10, 22, 25
11, 10, 6
12
13
14, 29, 30
15, 7, 17
16, 9, 12
17
18, 15, 2
19
20
21, 14, 20
22, 26, 19
23
24
25
26, 16, 28
27
28
29, 27
30

1, 22, 28
2, 22
3, 3, 30, 17
4, 4
5, 23, 3, 4
6, 9, 13
7, 9
8, 14, 23
9, 4, 4, 25
10, 16, 13
11, 26, 29
12, 26, 14, 24
13, 24, 16
14, 29, 13
15, 3
16, 29, 28, 12
17, 14, 18
18, 26, 12, 15
19, 8, 16, 19
20, 5, 3, 3
21, 10, 19
22, 2, 10
23, 6, 13
24, 10
25, 3, 29
26, 7, 17
27, 10, 4
28, 17, 19, 6
29, 20, 16, 20
30, 14, 2

1, 2, 3, 27
2, 16, 18
3, 20, 10, 6, 29
4, 11, 24, 28
5, 22, 14, 20, 13
6, 24, 21
7, 15, 18
8, 23, 3
9, 20, 8
10, 13
11, 8, 4
12, 26, 29
13, 13
14, 2, 26
15, 20
16, 1, 5, 26, 11
17, 2, 28, 19, 23
18, 15, 16
19, 25
20, 24, 6, 9
21, 5
22, 22
23, 1, 10
24, 10
25, 27, 13
26, 29, 5, 17
27, 17, 22, 2
28, 28, 17, 22
29, 19, 7, 22
30, 14, 22, 21, 29

1, 27, 29
2
3
4, 11, 15
5, 7, 18
6
7, 10, 23
8
9
10, 25, 22
11, 30, 2
12
13, 20, 19
14, 24, 16
15
16
17
18
19
20, 5, 3
21
22
23
24, 26, 6
25, 14, 9
26, 28, 8
27, 13, 21
28, 4, 12
29
30, 17

1, 25
2, 27, 14, 7
3, 5, 17
4, 20, 26, 23
5, 16, 10
6, 11, 8
7, 18, 9
8, 28, 13
9, 12, 30, 19
10, 22, 29
11, 21, 24
12, 15
13
14
15
16
17
18
19
20
21
22
23
24
25
26
27
28
29
30

1, 21, 3, 15, 16
2, 4, 17
3, 18, 13, 27
4, 6, 10, 22
5, 11, 28, 12
6, 14
7, 29, 8
8, 24, 25
9, 30, 20
10, 23
11, 19
12, 26
13
14
15
16
17
18
19
20
21
22
23
24
25
26
27
28
29
30

1, 21, 27, 4, 17
2, 11, 29, 13
3, 30, 16
4, 7
5, 8
6, 14, 23, 22
7, 10, 28, 25
8, 19, 18, 24
9, 20, 12
10, 26
11, 15
12
13
14
15
16
17
18
19
20
21
22
23
24
25
26
27
28
29
30

1, 20, 4, 6
2, 30, 6
3, 11, 4, 5
4, 20, 11
5, 5, 4, 1, 5
6, 6, 29, 22
7, 30, 6
8, 9, 1, 21, 30
9, 21
10, 19
11, 1, 28, 3
12, 1, 4, 4
13, 3, 19, 29
14, 30
15, 9, 18, 26
16, 10
17, 20, 29
18, 16, 30
19, 4, 6, 22
20, 18, 4
21, 11, 16, 5
22, 15, 25, 20
23, 22
24, 28
25, 7
26, 11, 29, 18
27, 5, 20
28, 18, 4, 22
29, 24, 11, 4
30, 3, 26, 30

1, 8, 26, 16, 22
2, 13, 9
3, 27
4, 6, 30, 23
5, 28
6, 17, 12
7, 19
8, 20, 10
9, 14, 15, 21
10, 18, 25, 24
11, 29
12
13
14
15
16
17
18
19
20
21
22
23
24
25
26
27
28
29
30

1, 17, 9
2, 23
3, 27, 1, 21
4, 2, 23, 18
5, 11, 20
6, 21, 7
7, 25, 1
8, 2
9, 1
10, 20, 27
11, 20
12, 23, 3
13, 30, 10, 15
14, 17, 24, 19
15, 21
16, 22, 9, 20
17, 20, 28
18, 4, 7, 15
19, 26, 28, 29
20, 21, 22, 20, 16
21, 14
22, 10, 5, 21
23, 21, 27
24, 15, 28, 10
25, 3, 2, 22
26, 16, 13, 10
27, 9, 27
28, 12, 21
29, 23, 2
30, 20, 13

1, 14, 20
2, 12, 18
3, 8, 23
4
5, 24, 6
6
7, 25, 17
8, 19, 29
9, 5, 16
10
11
12, 15, 10
13
14, 26, 27
15, 9, 21
16
17
18
19, 2, 11
20
21
22, 4
23
24, 7, 28
25, 22, 13
26, 3, 30
27
28
29
30

1, 7
2, 4
3, 11, 16
4, 12, 9
5, 23
6, 24, 15
7, 29, 8, 20
8, 14, 28
9, 25
10, 22, 21
11, 13, 18, 17, 27
12, 19
13, 26
14, 30
15
16
17
18
19
20
21
22
23
24
25
26
27
28
29
30

1, 22, 30
2, 21
3, 3, 27, 16, 22
4, 25, 26, 21
5, 29, 29
6, 11, 28
7, 28
8, 20
9, 3, 25, 12
10, 25, 13
11, 22, 26
12, 3
13, 28, 3, 19
14, 18
15, 30, 19
16, 9
17, 13, 25
18, 4, 28
19, 4
20, 10, 6, 11
21, 1, 3
22, 4, 6
23, 26, 25
24, 22
25, 21, 23, 15
26, 19, 17
27, 17, 25, 6
28, 23
29, 10
30, 2

1, 10, 4
2, 28, 5
3
4
5
6, 18
7
8
9
10, 25, 8
11
12, 29, 17
13, 16, 9
14
15
16, 23, 15
17
18
19
20
21, 30, 3
22
23, 2, 22
24
25, 26, 7
26, 21, 19
27, 12, 11
28, 6, 14
29, 13, 20
30, 27, 24

1, 12
2, 30, 23
3, 23, 15
4, 13
5, 29, 21, 8
6, 22, 30
7, 6
8, 26, 16
9, 12, 7
10, 13, 27, 17
11, 17, 5, 20, 29
12, 27, 21, 1
13, 28, 8, 18
14, 16, 19, 6
15, 29, 20, 10, 2
16, 27, 7
17, 8, 18, 2
18, 25, 6, 22
19, 10
20, 6, 4
21, 3
22, 7, 14, 1
23, 9, 28, 15
24, 3
25, 23, 1, 11
26, 18, 8, 5, 22
27, 29, 17, 4
28, 17, 7
29, 28, 25
30, 1

1, 19, 20
2
3
4, 17
5, 8, 23
6, 10, 9
7
8, 25, 3
9
10, 4, 15
11
12
13, 5, 12
14, 13, 16
15
16
17
18, 14, 30
19, 22, 11
20
21, 27, 7
22, 18, 24
23
24
25, 28, 2
26
27, 6, 29
28, 21, 26
29
30

1, 20, 25
2, 27, 26, 19
3, 8, 12, 17
4, 24, 22, 13
5, 11, 28, 9
6, 14, 23, 10, 7
7, 29, 16, 18
8, 15, 21
9, 30
10
11
12
13
14
15
16
17
18
19
20
21
22
23
24
25
26
27
28
29
30

1, 2, 20
2, 30, 17
3, 8, 12, 13
4, 22
5, 7, 15
6, 16
7, 29, 27, 25, 10
8, 11, 24, 23, 14
9, 28, 21
10, 19, 26
11, 18
12
13
14
15
16
17
18
19
20
21
22
23
24
25
26
27
28
29
30

1, 5, 12
2, 30, 3
3
4
5, 13, 7
6
7
8
9, 15, 26
10, 25, 28
11
12
13, 21, 6
14, 2, 11
15, 18, 22
16
17
18, 23, 24
19
20, 9, 16
21, 20, 17
22
23, 10, 8
24
25, 14, 4
26
27, 29
28
29
30, 27, 19

1, 16, 17
2, 10, 6
3, 24, 28
4, 3, 25
5, 11, 14
6
7, 20, 29
8
9
10, 5, 22
11, 26, 9
12
13
14
15, 19, 21
16, 2, 12
17
18
19, 8
20, 15, 13
21
22
23
24, 7, 27
25
26, 30, 23
27
28
29
30, 4, 18

1, 23, 30
2, 18
3, 8, 24
4, 5, 26, 11
5, 15, 7, 16
6, 28, 14, 25
7, 21, 12, 9
8, 27
9, 13, 19, 29, 10
10, 22
11, 20
12, 17
13
14
15
16
17
18
19
20
21
22
23
24
25
26
27
28
29
30

1, 16, 22
2, 10, 19, 22
3, 1, 16, 7, 26
4, 30, 17
5, 20, 11, 23
6, 11, 6, 29
7, 2, 22
8, 14, 2, 11
9, 5, 5
10, 10
11, 6, 12, 3
12, 7
13, 4, 3, 24
14, 17, 4, 8
15, 30
16, 17
17, 13
18, 4
19, 11
20, 2, 16, 24
21, 20, 14, 3
22, 8, 12
23, 16, 23, 28
24, 11
25, 20, 19, 11
26, 14, 21, 27
27, 28, 13, 1
28, 26, 1
29, 12, 26, 27, 26
30, 15, 23, 12

1, 4, 16
2
3
4, 12, 28
5, 21, 27
6
7
8, 19, 17
9
10, 5, 7
11
12, 29, 25
13
14, 18, 9
15, 8, 11
16
17
18, 20, 3
19, 22, 6
20, 24
21, 14, 23
22, 30, 26
23
24
25
26
27
28
29, 15, 13
30, 10, 2

1, 26, 24
2, 25
3, 19, 13
4
5
6
7, 29, 14
8, 3, 17
9
10, 23, 27
11
12
13
14
15
16, 28, 12
17
18
19, 10, 11
20
21, 30, 15
22, 21, 9
23, 16, 4
24
25
26, 8, 5
27
28, 22, 6
29, 2, 18
30, 7, 20

1, 10, 27, 12
2, 7, 10, 29
3, 13, 26
4, 7, 14
5, 3, 5
6, 28, 21
7, 22
8, 20, 23, 21
9, 8
10, 26
11, 16
12, 20, 10
13, 19, 12, 16
14, 5, 21, 30
15, 28
16, 17
17, 19, 27, 5
18, 15
19, 20, 21, 3
20, 17, 21
21, 9, 5, 13
22, 15
23, 8, 28
24, 29
25, 6, 27, 14, 30
26, 1
27, 2, 2
28, 1, 8, 14
29, 2, 19, 14
30, 29

1, 2, 19
2, 24, 29
3
4
5, 14, 15
6
7
8
9
10
11, 30, 10
12
13
14, 22, 4
15
16
17
18, 11, 17
19
20, 18, 3
21, 20, 27
22, 28, 12
23, 5, 16
24, 25, 13
25, 21, 7
26, 23, 6
27
28, 9
29
30, 26, 8

1, 28, 20
2
3, 15, 26
4, 27, 18
5
6
7, 3, 10
8, 4, 6
9
10
11
12
13
14, 17, 9
15, 8, 30
16
17, 21, 13
18
19, 22, 16
20
21, 19, 24
22, 12
23, 25, 11
24
25, 14, 2
26
27, 23, 29
28, 7, 5
29
30

1, 7, 25
2, 14, 18
3
4, 21, 20
5
6, 23, 16
7, 13, 26
8, 6, 12
9, 4, 28
10, 2, 3
11, 22, 24
12
13, 10, 29
14, 8, 27
15
16
17
18
19
20
21, 11, 15
22, 30, 19
23, 9, 5
24
25
26
27
28
29
30, 17

1, 10
2, 20, 24
3, 11
4, 16, 26
5, 27, 22, 30
6, 28, 7, 13
7, 8, 19
8, 12, 18, 14
9, 29
10, 21, 25, 23
11, 17
12, 15
13
14
15
16
17
18
19
20
21
22
23
24
25
26
27
28
29
30

1, 16
2, 9
3, 30, 23
4, 21
5, 9, 17, 12, 10
6, 22, 5, 21
7, 14
8, 14
9, 4, 9
10, 27, 13
11, 3, 9
12, 3, 7
13, 15, 13, 15, 12
14, 3, 27
15, 7
16, 2, 25, 8, 8
17, 14, 19
18, 1, 21, 12
19, 14, 5, 17, 25
20, 29, 17, 18, 25
21, 9, 30
22, 22, 7, 19
23, 13, 13
24, 7, 21
25, 12
26, 30, 9, 10, 24
27, 3
28, 30, 12, 12, 24
29, 7
30, 6, 13

1, 12, 13
2, 11
3, 16, 15, 11
4, 16, 26, 4
5, 4, 15
6, 30, 10, 20
7, 11, 30, 23
8, 28, 6, 19
9, 4, 30, 25, 19
10, 18, 16
11, 3, 17, 24, 15
12, 17, 19, 18
13, 10
14, 25, 23
15, 9
16, 7, 22
17, 7
18, 11, 13
19, 5, 30
20, 2, 22, 25
21, 23, 20
22, 16, 16, 27, 30
23, 18
24, 24, 23
25, 27, 14
26, 28, 8, 15, 9
27, 2
28, 2
29, 30, 17
30, 23, 6, 24

1, 9
2, 17
3, 15, 23, 19, 24
4, 10, 20, 29
5, 13
6, 28, 18, 27
7, 11, 30
8, 25
9, 12, 16
10, 21, 22
11, 14
12, 26
13
14
15
16
17
18
19
20
21
22
23
24
25
26
27
28
29
30

1, 4
2, 24, 13
3, 6
4, 18, 28
5, 20, 26
6, 16, 25, 23
7, 15, 30, 10, 8
8, 19
9, 14, 29
10, 17
11, 12, 21
12, 22
13, 27
14
15
16
17
18
19
20
21
22
23
24
25
26
27
28
29
30

1, 21, 13
2
3
4
5, 22
6
7, 26, 8
8
9
10
11, 12, 4
12, 28, 14
13
14
15
16, 27, 29
17
18, 11, 9
19
20, 23, 6
21, 7, 25
22
23, 30, 17
24, 16, 10
25
26, 24, 3
27, 18, 19
28, 20, 15
29
30, 5, 2

1, 20, 11
2, 21, 27
3, 18
4, 25, 19
5, 22
6, 15, 7, 24
7, 8
8, 16
9, 29, 12, 13
10, 26, 30
11, 28, 17
12, 23
13, 14
14
15
16
17
18
19
20
21
22
23
24
25
26
27
28
29
30

1, 10, 17, 29
2, 11, 2, 7
3, 5
4, 11, 1
5, 27, 12, 21
6, 19
7, 4
8, 23
9, 21, 28
10, 16, 28
11, 23, 9
12, 11, 26, 15
13, 8, 6, 25
14, 12, 24, 4, 26
15, 20, 30, 17
16, 20, 13
17, 6
18, 13, 26, 19, 3
19, 22, 28, 11
20, 23, 20, 5, 12
21, 16, 4, 18
22, 11, 27
23, 29, 9, 4
24, 5
25, 16, 1, 28
26, 10, 22, 10
27, 18
28, 14, 7, 19
29, 27, 20, 22
30, 5

1, 18, 17
2
3, 4, 7
4, 26, 22
5, 3, 13
6, 20, 25
7
8, 11, 24
9
10
11, 30, 12
12
13
14
15, 8, 28
16, 2
17
18, 19, 10
19, 27, 9
20, 15, 29
21
22
23
24
25
26, 16, 23
27, 6, 21
28
29
30, 5, 14

1, 19
2, 21, 17
3, 11, 28
4, 2, 22
5, 20, 30
6, 4, 10, 16
7, 7, 19
8, 19
9, 19
10, 24
11, 14
12, 27, 4
13, 11, 21
14, 1, 6, 8
15, 1, 2
16, 27, 26
17, 28, 16, 27
18, 28, 29
19, 28, 6, 23
20, 25, 12, 20
21, 27, 5, 22, 30
22, 25, 30
23, 15, 13, 10, 17
24, 7
25, 20, 19
26, 25, 6, 6
27, 15, 23, 22
28, 14, 28, 16, 8
29, 18
30, 21, 30

1, 3, 17, 15
2, 2, 25
3, 30, 30, 17
4, 30, 16
5, 21, 6, 27
6, 25
7, 23
8, 21
9, 19, 15
10, 25, 6, 11
11, 13, 30
12, 28, 15, 16, 30
13, 12, 6, 13
14, 10
15, 10, 2, 3
16, 19, 9
17, 8, 22
18, 7, 25
19, 25, 16, 17
20, 1, 14
21, 17, 25
22, 13, 19
23, 9
24, 20, 4
25, 11
26, 3, 18, 20
27, 16
28, 30, 24
29, 23, 16, 13
30, 24, 17, 28

1, 13, 12, 22
2, 20, 29
3, 24, 17
4, 23
5, 6
6, 18, 9, 8
7, 16
8, 30, 27, 10, 25
9, 26, 28, 21
10, 14
11, 15
12, 19
13
14
15
16
17
18
19
20
21
22
23
24
25
26
27
28
29
30

1, 1
2, 21, 18
3, 22, 14
4, 8, 4
5, 8
6, 29, 23
7, 5, 9, 6
8, 21, 5, 26
9, 30
10, 29, 15, 18
11, 12, 28, 10
12, 2, 30, 15
13, 22, 12, 3, 25
14, 4
15, 19, 12, 23
16, 9, 11, 6
17, 14, 12
18, 23
19, 1, 10
20, 27, 1, 25
21, 22, 23
22, 10
23, 18, 23, 22
24, 13, 15
25, 13, 13, 24
26, 24
27, 6, 11
28, 19
29, 26, 5
30, 21, 19

1, 13, 5
2
3, 27, 20
4
5
6
7, 9, 4
8, 25, 6
9, 17, 12
10, 23, 21
11
12
13, 3, 22
14, 29, 16
15, 24
16
17, 14, 26
18
19
20
21
22
23, 8, 18
24
25, 7, 30
26
27, 28, 2
28, 10, 11
29, 15, 19
30

1, 9, 27, 22
2, 11, 23, 13
3, 30, 17, 19
4, 7, 14, 5
5, 16, 8
6, 18, 12, 24
7, 20
8, 15
9, 29, 28, 26
10, 25
11, 21
12
13
14
15
16
17
18
19
20
21
22
23
24
25
26
27
28
29
30

1, 28
2, 4
3, 21, 12
4, 8
5, 7, 26
6, 16, 22, 9
7, 11, 15, 13
8, 20
9, 29, 10, 18
10, 30, 14, 27
11, 17
12, 25, 24
13, 19
14, 23
15
16
17
18
19
20
21
22
23
24
25
26
27
28
29
30

1, 7, 6
2, 4, 22, 15
3, 25, 19, 10, 28
4, 29, 27
5, 14, 18
6, 13
7, 17, 8, 11
8, 9, 24
9, 20, 23, 30, 26
10, 21, 12
11, 16
12
13
14
15
16
17
18
19
20
21
22
23
24
25
26
27
28
29
30

1, 8, 18, 26
2, 20, 18, 12
3, 1, 15, 10, 5
4, 8
5, 19, 30, 12
6, 17, 25, 30, 26
7, 3, 18, 11
8, 1
9, 23, 28
10, 6, 7
11, 1
12, 5, 9, 21
13, 24
14, 21, 5, 6
15, 26
16, 17, 18, 20
17, 25, 13
18, 15, 27, 8
19, 19, 2
20, 24, 19
21, 10, 8, 26, 27
22, 2
23, 7, 10, 10, 16
24, 12, 1
25, 6, 12
26, 19, 17
27, 17
28, 30, 23
29, 20, 19
30, 6

1, 11, 18
2, 7, 26
3, 13, 21, 14, 25
4, 8
5, 16, 28
6, 9, 12, 30, 15
7, 27, 20
8, 17, 10, 24
9, 22, 19
10, 23
11, 29
12
13
14
15
16
17
18
19
20
21
22
23
24
25
26
27
28
29
30

1, 28
2, 6, 26
3, 5, 25
4, 19
5, 16, 5
6, 3
7, 30, 20, 4, 13
8, 12
9, 4, 23
10, 6, 24
11, 19
12, 19, 13, 19
13, 13, 15, 29
14, 21, 14
15, 22, 10
16, 27, 26, 17
17, 19
18, 20
19, 16, 30
20, 17
21, 25
22, 16
23, 26
24, 9, 19
25, 28, 16
26, 5, 6
27, 8
28, 13, 27
29, 6, 6
30, 25

1, 26, 23, 13
2, 30, 25, 19, 22
3, 29, 9, 6
4, 5, 12, 14
5, 8
6, 28, 15, 11
7, 16, 10
8, 17, 21
9, 20, 18
10, 27
11, 24
12
13
14
15
16
17
18
19
20
21
22
23
24
25
26
27
28
29
30

1, 27, 7
2, 3, 4
3, 4, 13
4, 16
5, 9
6, 21, 11, 3
7, 24, 25, 29
8, 26, 9, 22
9, 13
10, 9, 26, 5
11, 29, 10
12, 22, 4, 15
13, 1
14, 18, 7
15, 21, 9, 16
16, 20, 18, 25
17, 7, 14, 2, 28
18, 18
19, 5
20, 10
21, 13, 7, 12
22, 15, 10
23, 4, 20
24, 1, 16, 21
25, 5
26, 8
27, 25, 21
28, 3, 29, 18, 14
29, 26, 8
30, 29

1, 16, 13
2, 18, 8, 1, 26
3, 3, 20, 30
4, 9, 29
5, 15
6, 29, 11, 18
7, 15, 2, 21
8, 23, 19, 16
9, 8, 9, 16
10, 10
11, 4
12, 4
13, 22, 15, 20, 7
14, 21
15, 21, 15
16, 2, 26
17, 15, 24, 29
18, 29, 23
19, 19, 8
20, 25, 1, 19
21, 14, 13
22, 7
23, 18, 6
24, 28, 19, 27
25, 17
26, 25
27, 29, 12
28, 1
29, 24, 16, 9
30, 27, 20

1, 2, 29
2, 26, 14
3
4
5, 13
6, 18, 8
7, 5, 17
8
9
10
11, 24, 19
12, 16, 23
13
14
15
16, 25, 3
17
18, 11, 15
19
20
21, 12, 4
22
23
24, 27, 28
25, 6, 22
26, 30, 20
27, 7, 9
28
29
30, 21, 10

1, 10, 20, 14, 11
2, 16, 25, 8
3, 26, 5
4, 9, 13, 17
5, 12, 30, 27
6, 18, 28
7, 21
8, 23, 24
9, 15
10, 19, 22
11, 29
12
13
14
15
16
17
18
19
20
21
22
23
24
25
26
27
28
29
30

1, 16, 23, 26, 21
2, 25
3, 13, 30, 24
4, 9
5, 18
6, 14, 7, 17
7, 22, 28
8, 11, 20
9, 19, 27, 29
10, 15
11, 12
12
13
14
15
16
17
18
19
20
21
22
23
24
25
26
27
28
29
30

1, 10
2, 21, 29
3, 13, 22, 4, 22
4, 8, 18, 14
5, 24
6, 24
7, 26, 17
8, 2, 4, 10
9, 24
10, 24, 14
11, 5, 21, 18
12, 7, 24
13, 14, 24
14, 11, 19
15, 6, 18
16, 17, 15
17, 14, 24
18, 15, 11
19, 15
20, 4, 12
21, 27, 17
22, 12
23, 26, 20, 8
24, 27, 2
25, 23
26, 29
27, 10, 20, 9
28, 21, 13, 23
29, 8, 3, 26, 26
30, 16

1, 14, 18
2
3, 25, 8
4, 17, 24
5
6
7, 4, 12
8
9, 19, 29
10
11
12
13
14, 9, 11
15, 20, 13
16
17, 3, 27
18
19, 30, 6
20, 22, 23
21
22, 7, 10
23
24
25, 26, 21
26, 16
27
28, 15, 5
29
30, 28, 2

1, 29, 22
2, 18, 24, 9
3, 14, 7
4, 17, 16, 23
5, 11, 25, 15
6, 28, 20
7, 12, 13
8, 30, 19, 21
9, 27, 26
10
11
12
13
14
15
16
17
18
19
20
21
22
23
24
25
26
27
28
29
30

1, 20, 17
2, 15, 24
3
4
5
6, 2, 21
7, 6, 3
8
9
10, 7, 23
11, 13, 19
12, 29, 14
13, 25, 9
14
15, 30, 8
16
17
18
19
20, 10, 28
21
22, 27, 26
23
24
25, 16
26
27, 12, 18
28
29, 11, 5
30, 22, 4

1, 26
2, 19, 7
3, 1, 27, 26
4, 3, 5, 16
5, 22, 14, 14
6, 18, 9, 15
7, 20
8, 22, 14
9, 13, 1
10, 5, 24
11, 25
12, 7, 13, 30
13, 16, 3
14, 22, 1, 14
15, 18, 29
16, 19, 24
17, 9, 6, 8
18, 19
19, 14
20, 22
21, 6
22, 10, 18, 13
23, 2
24, 1, 21, 18
25, 5, 29
26, 8, 5, 16
27, 3, 19
28, 22
29, 13
30, 2

1, 20, 22, 10
2, 30, 24
3, 13
4, 5, 23
5, 6, 16
6, 18, 15, 17
7, 14, 11, 8
8, 9, 28
9, 19
10, 26, 27, 25
11, 21
12, 29
13
14
15
16
17
18
19
20
21
22
23
24
25
26
27
28
29
30

1, 6, 10
2, 2, 28, 2, 16
3, 10, 24, 24
4, 21, 16, 19, 15
5, 19, 23
6, 20
7, 22, 4
8, 30, 2
9, 9, 19, 15
10, 26, 30
11, 14, 16, 1
12, 5, 1, 15
13, 20, 9, 21
14, 2, 8, 28
15, 5, 10
16, 19
17, 18, 17
18, 7, 5, 11
19, 29, 21, 10, 23
20, 1, 19, 27, 19
21, 5, 15, 30
22, 11
23, 25, 21
24, 17, 25
25, 2, 3
26, 8, 17, 2
27, 18
28, 26, 8, 16, 7
29, 4, 8
30, 27, 14, 1

1, 24, 25, 6
2, 29
3, 9, 10, 13
4, 26, 3
5, 10, 8
6, 24, 12
7, 15, 2
8, 1
9, 5, 22, 8
10, 28, 18, 8
11, 10, 29
12, 19, 11
13, 4, 25, 3
14, 4, 13
15, 19, 19
16, 7, 19
17, 26
18, 28, 11, 22
19, 30, 8
20, 17, 18
21, 24, 23, 3, 28
22, 26, 10, 1
23, 16
24, 18, 13
25, 21
26, 24, 22, 27
27, 29, 18, 22
28, 28, 21
29, 9
30, 25, 14

1, 28, 4, 10, 12
2, 13
3, 21, 18
4, 29
5, 15, 14, 7
6, 20, 8
7, 22, 24
8, 16, 17, 27, 11
9, 19, 26, 30
10, 23
11, 25
12
13
14
15
16
17
18
19
20
21
22
23
24
25
26
27
28
29
30

1, 24, 21
2, 9, 26
3
4, 18, 22
5, 13, 14
6, 11, 8
7
8
9, 19
10
11, 28, 23
12
13, 20, 10
14
15
16
17
18, 2, 29
19
20, 4, 12
21
22
23
24, 27, 17
25, 30, 16
26
27, 6, 15
28, 25, 7
29
30, 5, 3

1, 16, 23, 15
2, 4, 13
3, 25, 9
4, 29
5, 21, 27, 8
6, 30, 20
7, 10, 17, 19, 26
8, 28, 14
9, 11, 22, 12
10, 24
11, 18
12
13
14
15
16
17
18
19
20
21
22
23
24
25
26
27
28
29
30

1, 18, 12, 27, 25
2, 27, 9
3, 1, 16, 22
4, 1
5, 13, 1
6, 22
7, 9, 15, 11
8, 5
9, 23, 5
10, 24
11, 26
12, 26, 17, 19
13, 6
14, 23
15, 23
16, 22, 9, 15
17, 28, 5
18, 19, 3, 25
19, 6, 17, 29
20, 14, 10
21, 7, 27
22, 2
23, 17, 9
24, 30, 19
25, 29, 27
26, 16, 4, 10
27, 1, 12, 1
28, 16, 18, 7
29, 2, 22, 26
30, 15, 27, 7

1, 18
2, 29, 26
3, 13
4, 16, 17, 25
5, 9, 15
6, 24, 28
7, 22, 10
8, 14, 23, 19
9, 12, 11, 20
10, 30, 21
11, 27
12
13
14
15
16
17
18
19
20
21
22
23
24
25
26
27
28
29
30

1, 12, 21, 28
2, 15, 7, 13
3, 20, 26
4, 29, 19
5, 17, 6
6, 11, 10
7, 25
8, 30
9, 18, 22
10, 27
11, 24, 23
12, 14
13, 16
14
15
16
17
18
19
20
21
22
23
24
25
26
27
28
29
30

1, 15
2, 27
3, 5, 30, 6, 26
4, 21, 19, 8
5, 11, 8
6, 3, 9, 20, 16
7, 17, 24
8, 11, 9
9, 17
10, 20, 23
11, 9, 21, 8
12, 24
13, 6
14, 4, 19, 24, 28
15, 3, 1
16, 7
17, 6, 8, 22
18, 11, 9, 5
19, 22
20, 27, 22, 12
21, 22, 6
22, 18, 4
23, 5, 14
24, 18, 19, 5, 18
25, 2
26, 8
27, 23
28, 10, 22
29, 4, 8, 13
30, 16

1, 16, 29
2, 25, 20
3, 19, 11
4, 24, 9
5
6
7, 2, 18
8
9
10, 3, 6
11
12
13
14, 27, 13
15
16, 7, 15
17
18
19, 30, 5
20
21, 22
22
23
24, 21, 26
25, 14, 23
26
27, 28, 12
28, 10, 17
29
30, 4, 8

1, 15, 22, 25
2, 20, 30, 14
3, 17, 11
4, 14, 25, 17
5, 9
6, 9, 15, 6
7, 23, 22, 3
8, 21, 2, 16
9, 12, 4
10, 27
11, 7, 9, 13, 6
12, 16, 26
13, 11, 27, 9
14, 28, 20
15, 23, 25
16, 4, 26, 12, 10
17, 4, 23
18, 4, 8
19, 14, 21, 30
20, 2
21, 26
22, 8, 3
23, 23, 11, 22
24, 4, 18, 7, 11
25, 1, 3
26, 28
27, 15
28, 23, 12
29, 5, 9, 1
30, 4, 17, 28

1, 2, 30
2, 12
3, 12
4, 18
5, 23
6, 8
7, 27, 18
8, 3, 16, 17, 20
9, 14
10, 14, 3, 11
11, 7
12, 11, 6, 19
13, 2, 1
14, 29, 10
15, 26, 19
16, 5
17, 18, 6
18, 12, 21, 29
19, 16, 9, 10
20, 23, 29, 14, 6
21, 12, 10, 10
22, 16
23, 26
24, 17, 14, 1
25, 17, 18
26, 16, 9, 14, 26
27, 2, 9
28, 14
29, 20, 4, 26, 14
30, 26

1, 8
2, 29, 10, 21, 4
3, 19, 22
4, 11, 30
5, 16, 23, 13
6, 28, 18
7, 25, 24, 14
8, 9, 26
9, 12, 15, 27
10, 17
11, 20
12
13
14
15
16
17
18
19
20
21
22
23
24
25
26
27
28
29
30

1, 25, 28
2, 5, 26, 29
3, 13
4, 23
5, 10, 11
6, 7
7, 16, 21
8, 17, 20, 30
9, 15
10, 22, 14, 18, 12
11, 24
12, 19
13, 27
14
15
16
17
18
19
20
21
22
23
24
25
26
27
28
29
30

1, 12
2, 27
3, 19
4, 29
5, 22
6, 8, 7
7, 23, 13
8, 24, 25
9, 21, 26, 18
10, 15, 16, 11
11, 14, 28, 30
12, 20
13, 17
14
15
16
17
18
19
20
21
22
23
24
25
26
27
28
29
30

1, 25, 14
2, 23, 19, 13
3, 10, 22
4, 30
5, 8
6, 12, 24, 29, 18
7, 28, 17
8, 11
9, 27, 20, 21
10, 26
11, 15
12, 16
13
14
15
16
17
18
19
20
21
22
23
24
25
26
27
28
29
30

1, 7, 25
2, 16
3
4
5
6
7, 10, 13
8
9
10, 28, 30
11
12
13
14, 23, 11
15, 14, 5
16
17, 19, 24
18, 20, 27
19, 21, 12
20, 22, 3
21, 2, 4
22, 15, 8
23, 29, 26
24
25
26
27
28, 18, 9
29, 17, 6
30

1, 20, 9, 21, 24
2, 16, 12
3, 30
4, 11, 22, 15, 14
5, 18, 6
6, 29, 28, 8, 13
7, 23, 19, 17
8, 27, 25
9, 10
10, 26
11
12
13
14
15
16
17
18
19
20
21
22
23
24
25
26
27
28
29
30

1, 24, 10, 3
2, 30
3, 22, 8
4, 5
5, 12, 14
6, 17, 3, 8
7, 16, 24
8, 22, 21, 8
9, 11
10, 27, 28, 30
11, 6, 29, 2
12, 6, 1
13, 15, 23
14, 21, 29
15, 17, 12, 7
16, 14, 30, 11
17, 8, 13, 1
18, 6, 20
19, 19, 4
20, 14
21, 24, 9, 18
22, 8, 17, 29
23, 19, 8
24, 16, 11, 11
25, 4, 5
26, 12, 10
27, 18
28, 16, 30
29, 25, 15
30, 20, 10, 17, 15

1, 22, 5
2
3
4
5
6, 20
7, 29, 12
8, 6, 15
9, 7, 2
10
11, 18, 10
12
13
14
15
16
17
18, 26, 17
19, 8, 28
20
21
22, 11, 13
23, 27, 25
24, 19, 21
25
26, 23, 14
27, 30, 4
28
29, 24, 3
30, 9, 16

1, 24, 20, 4
2, 4, 10, 25
3, 30
4, 4, 30, 28
5, 10, 23, 30, 21
6, 22, 9
7, 25
8, 5, 23, 15
9, 26, 13, 14, 20
10, 24, 23
11, 3
12, 25, 28, 28
13, 25, 9
14, 25, 12
15, 20
16, 29, 26
17, 26, 19, 16
18, 12, 3
19, 25, 10, 22
20, 27, 23, 7
21, 24, 23
22, 25
23, 27
24, 17, 26, 5
25, 12, 1, 30
26, 24, 3, 27, 23
27, 5
28, 10, 27, 2
29, 15, 11
30, 5

1, 10, 13
2, 25
3
4, 27, 6
5
6
7
8
9
10, 4, 8
11
12, 22, 7
13
14
15
16, 23, 11
17, 24, 3
18
19, 21, 29
20, 28, 14
21, 2, 9
22, 20, 18
23, 19, 30
24, 12, 15
25
26
27, 17, 5
28, 16, 26
29
30

1, 7, 6
2, 11, 16, 30
3, 18, 25
4, 8, 13
5, 12, 9
6, 28, 21, 10, 23
7, 19, 17
8, 15, 27, 26, 14
9, 22
10, 24
11, 20
12, 29
13
14
15
16
17
18
19
20
21
22
23
24
25
26
27
28
29
30

1, 15
2, 10, 30, 4
3, 24
4, 21, 17
5, 26, 9, 13, 14
6, 11, 7
7, 23
8, 18, 22
9, 28, 16
10, 29, 12
11, 19, 20
12, 25
13, 27
14
15
16
17
18
19
20
21
22
23
24
25
26
27
28
29
30

1, 11
2, 3, 26
3, 19, 14
4, 27, 10, 16, 9
5, 15, 30
6, 24
7, 23, 12, 8
8, 17, 18
9, 20
10, 13, 21
11, 28, 29
12, 25
13, 22
14
15
16
17
18
19
20
21
22
23
24
25
26
27
28
29
30

1, 19, 10, 23
2, 9, 14, 21
3, 22, 30, 13
4, 15, 20, 28
5, 26
6, 25, 29
7, 17
8, 16
9, 24, 11, 18
10, 27
11, 12
12
13
14
15
16
17
18
19
20
21
22
23
24
25
26
27
28
29
30

1, 18, 27
2
3, 20, 28
4, 3, 10
5, 24, 17
6
7
8
9
10
11, 19, 9
12, 26, 8
13
14
15
16, 30, 13
17
18, 4, 7
19, 6
20, 29, 14
21
22
23
24, 12, 21
25, 5, 23
26, 11, 2
27
28
29, 16, 22
30, 25, 15

1, 24, 23, 13
2, 6, 8
3, 6
4, 14, 2
5, 9
6, 23
7, 19
8, 27, 13, 10
9, 13, 8, 30
10, 15, 21
11, 18, 17
12, 3, 24, 7
13, 8
14, 25, 14, 6, 1
15, 22
16, 22, 20, 18
17, 11
18, 22, 25
19, 3, 12
20, 9, 22
21, 13, 5, 8
22, 10, 3
23, 25, 12
24, 19, 15
25, 18
26, 26
27, 14, 4, 17
28, 26, 18
29, 13, 5, 23
30, 18, 22, 24

1, 6, 19
2, 25, 20
3
4, 27, 18
5
6, 23, 26
7, 30, 14
8
9, 7, 24
10, 9, 13
11
12
13
14
15, 8
16, 4, 12
17
18
19
20
21, 10, 11
22
23, 16, 22
24
25, 15, 17
26
27, 29, 28
28
29, 21, 3
30, 2, 5

1, 22, 12
2
3, 9, 17
4
5, 25, 2
6, 23, 10
7
8
9, 11, 14
10
11, 16, 30
12
13
14
15
16, 6, 29
17
18
19, 20, 28
20, 5, 7
21, 15
22, 27, 18
23, 19, 13
24, 21, 4
25, 24, 8
26
27, 3, 26
28
29
30

1, 15, 8
2, 8
3, 25
4, 18, 7
5, 26, 26
6, 27, 21
7, 16, 1, 3
8, 11, 6, 1
9, 25, 17, 14
10, 1, 10
11, 12, 24
12, 16, 8, 15, 12
13, 28
14, 23, 18, 14, 16
15, 17, 24
16, 12, 14
17, 11, 25, 13
18, 23, 29
19, 6, 14, 17
20, 28, 2, 21, 30
21, 3, 30
22, 4
23, 8, 5, 14
24, 6, 29
25, 27
26, 4
27, 15, 13
28, 14, 5, 7, 29
29, 2, 18
30, 17, 26

1, 10, 7, 21
2, 21
3, 27, 4
4, 14, 14
5, 13
6, 11, 5, 24
7, 16, 20, 26
8, 30
9, 11, 29
10, 21, 5
11, 1, 17
12, 11, 23
13, 1, 21, 7, 5
14, 29, 22, 20
15, 27, 21, 1, 22
16, 28
17, 5, 3, 16, 14
18, 4, 9
19, 26, 14
20, 1, 17
21, 22
22, 29, 18, 29
23, 4, 1, 2
24, 27
25, 1
26, 26, 26
27, 13, 28
28, 25
29, 3, 17, 10
30, 3, 13

1, 12, 8
2, 4, 23
3, 22, 27
4, 27, 12
5, 6, 12, 6, 23
6, 10, 28
7, 14
8, 21, 15, 10, 13
9, 8, 3, 3
10, 27, 7, 17
11, 15, 28
12, 4
13, 23, 8, 24
14, 23, 2, 22
15, 25, 14
16, 9, 24
17, 28, 19, 17, 7
18, 29, 5
19, 29
20, 22
21, 24, 1, 7
22, 28, 9, 1
23, 2
24, 3, 2
25, 27, 17, 6, 7
26, 15, 6
27, 21, 4
28, 27, 28
29, 7
30, 8, 19, 21

1, 27, 19, 21
2, 5, 27
3, 30, 15, 29, 1
4, 9, 15, 11
5, 27
6, 20, 11, 9
7, 19
8, 8, 20
9, 26, 15, 21
10, 21, 21
11, 9, 29, 22
12, 1, 14
13, 23
14, 29, 7
15, 14
16, 28
17, 10
18, 1, 26
19, 30, 10, 26
20, 30, 11
21, 11, 25
22, 24
23, 21, 6
24, 17
25, 3, 9, 24
26, 23, 17
27, 1, 9
28, 14, 23
29, 28, 1
30, 4, 5, 27

1, 3, 13
2, 19, 8
3, 18, 4
4, 1, 23, 14
5, 9, 25, 25
6, 29
7, 2
8, 19, 17, 10
9, 13, 29, 1
10, 21, 18, 12
11, 26, 21, 22
12, 19, 8
13, 14, 22
14, 24, 25
15, 8, 28
16, 28, 10, 7
17, 5
18, 26
19, 4, 4
20, 2, 8
21, 5, 5, 17
22, 1
23, 1, 14, 27
24, 27, 11, 29
25, 14, 6
26, 25, 29, 8
27, 21, 21
28, 16
29, 3, 5, 21, 5
30, 19, 22, 19, 14

1, 5, 10, 13, 27
2, 19, 15, 24, 30
3, 7, 17
4, 25, 23, 11, 21
5, 14, 28
6, 12, 8
7, 29, 22
8, 18, 9, 26
9, 20
10, 16
11
12
13
14
15
16
17
18
19
20
21
22
23
24
25
26
27
28
29
30

1, 26, 24, 18
2, 30
3, 10
4, 19, 7, 27
5, 8, 16, 14
6, 28, 17
7, 13, 25
8, 22, 12
9, 21, 20
10, 29, 23
11, 15
12
13
14
15
16
17
18
19
20
21
22
23
24
25
26
27
28
29
30

1, 24, 2
2, 26, 15
3, 13, 18
4, 23, 12
5, 9, 9, 24
6, 8, 16
7, 24, 27
8, 15, 17, 16, 18
9, 16, 12
10, 5
11, 9, 10, 11
12, 14
13, 22, 30, 29
14, 4, 8, 6
15, 16, 16, 12
16, 26
17, 29
18, 12, 27, 10
19, 25, 5, 21
20, 10, 28
21, 24, 28
22, 3, 8
23, 30
24, 12
25, 26, 8, 30, 16
26, 16, 10
27, 1
28, 30
29, 15, 18, 9, 25
30, 21, 12

1, 30, 7
2, 22, 12
3, 8
4
5, 25, 16
6
7
8
9
10
11
12
13, 20, 26
14
15
16
17, 21, 29
18, 5, 15
19
20, 2, 4
21, 3, 9
22, 18, 23
23
24, 13, 19
25, 28, 10
26
27, 17, 6
28, 27, 14
29
30, 24, 11

1, 8, 17
2, 7, 9
3, 12, 9, 24, 5
4, 26, 22, 24
5, 2
6, 15
7, 25, 12
8, 4, 25
9, 26
10, 5, 26
11, 5, 18, 7, 7
12, 9, 15, 15
13, 30, 13, 16
14, 11, 10
15, 24, 16, 9
16, 7, 10, 4, 2
17, 16
18, 14, 10, 9
19, 14
20, 1, 22, 20
21, 14, 4
22, 20, 1, 2
23, 16, 22
24, 29
25, 26, 8
26, 13, 14, 20
27, 8, 25
28, 25, 18
29, 25
30, 1, 17

1, 15, 22, 9, 18
2, 15, 24, 2
3, 21, 27
4, 9, 16, 14
5, 18, 12, 22
6, 8
7, 7, 14
8, 7, 10
9, 25, 12
10, 24, 1, 27
11, 13, 1
12, 16
13, 15, 4, 5, 14
14, 13, 12, 3
15, 4
16, 5, 25, 24
17, 20
18, 25, 25, 14, 22
19, 12, 13
20, 1, 8, 26
21, 19, 30, 9, 4
22, 24
23, 8, 22, 3
24, 20, 4, 23
25, 5, 22, 2
26, 6
27, 10
28, 9, 5
29, 22, 20, 8
30, 24

1, 10, 30
2, 12, 9
3, 14, 19
4
5
6
7, 22, 18
8
9
10, 7, 17
11, 21, 4
12, 11, 5
13, 2, 16
14, 27, 29
15
16
17
18
19
20
21, 15
22, 3, 20
23
24
25, 28, 8
26, 25, 24
27, 26, 23
28, 13, 6
29
30

1, 9, 5
2, 17, 10
3, 26, 29
4, 14, 22
5
6
7, 20, 8
8
9, 25, 11
10
11
12
13, 15, 24
14, 13, 27
15, 19, 30
16
17, 3, 16
18
19, 21, 18
20, 2, 12
21, 23
22
23
24
25, 7, 6
26, 4, 28
27
28
29
30

1, 5, 27
2
3
4, 15, 23
5, 25, 3
6, 28, 13
7
8, 22, 30
9
10
11, 12, 7
12, 9
13
14
15, 8, 20
16, 6, 18
17, 11, 10
18
19
20
21, 17, 2
22, 16, 14
23
24
25, 26, 19
26, 4, 24
27
28, 21, 29
29
30

1, 11
2, 30, 19, 28
3, 23, 27, 1
4, 7, 14, 25
5, 29, 6, 11
6, 18
7, 12, 28
8, 18, 25, 24
9, 4, 17, 15
10, 19, 23
11, 5
12, 18, 10, 15
13, 27, 15
14, 15
15, 15, 6, 19
16, 13
17, 2
18, 10, 11
19, 6, 16, 24
20, 24, 6
21, 19, 13, 27
22, 22, 10
23, 13, 7
24, 13
25, 4, 20
26, 12
27, 21, 15, 21
28, 27, 20, 30
29, 29, 14, 4, 17
30, 29, 6

1, 18, 22
2
3
4, 13, 29
5, 16, 2
6, 24, 8
7
8
9
10
11, 6, 25
12
13, 14, 12
14, 20, 26
15, 27, 23
16, 28, 30
17
18, 4, 17
19
20, 5, 9
21, 10
22
23
24, 21, 3
25
26
27, 11, 19
28, 15, 7
29
30

1, 26, 7, 1, 30
2, 24, 22, 22
3, 25, 24, 20
4, 4, 12
5, 11, 8
6, 25, 8, 13
7, 24, 1, 3
8, 16, 4
9, 10, 30, 15
10, 25, 12, 3
11, 14, 17
12, 13, 15, 30, 8
13, 24, 15, 19
14, 26, 5
15, 9, 16, 29
16, 12
17, 24, 3
18, 2, 3, 11
19, 26, 5
20, 2, 3, 25
21, 10, 7, 22, 1
22, 5, 28
23, 15, 24, 3
24, 13, 10
25, 21, 21, 6
26, 27, 8, 28
27, 7
28, 2, 16, 14
29, 25
30, 30, 17, 21

1, 15, 6
2, 1
3, 29
4, 24
5, 12, 1, 30
6, 2, 4, 29
7, 1
8, 30, 24, 16
9, 17, 20
10, 12, 20, 13
11, 28, 15
12, 22, 22, 30
13, 18, 20, 16
14, 13, 9, 27
15, 27
16, 4
17, 23, 23, 11
18, 22, 4, 9
19, 17
20, 12, 22, 30
21, 30, 22, 23
22, 23, 25
23, 16
24, 12, 29, 10
25, 8
26, 15, 2, 26
27, 3, 27, 29
28, 23
29, 24, 8, 4, 30
30, 29

1, 15, 17
2
3
4, 7, 2
5, 9, 30
6
7, 23, 21
8, 19, 14
9, 8, 28
10
11
12
13
14
15, 24, 3
16
17
18, 4, 12
19, 27, 13
20, 5, 22
21
22
23, 26, 11
24, 18, 10
25
26, 29, 6
27, 25
28
29, 20, 16
30

1, 8, 15
2, 27, 22
3, 7, 26
4
5, 13, 18
6
7, 17, 14
8, 24, 12
9
10, 21, 9
11, 2, 29
12
13, 16, 30
14
15
16, 20
17, 25, 6
18
19
20
21, 3, 4
22
23
24, 10, 28
25, 11, 19
26
27, 5, 23
28
29
30

1, 2, 10
2, 23, 22
3, 6, 20
4, 2, 9, 27
5, 14, 28, 26, 4
6, 3
7, 12, 1, 29, 23
8, 4, 6, 19
9, 23, 11, 5
10, 8, 2, 26
11, 30
12, 9
13, 5
14, 20, 19
15, 5, 8, 11
16, 26
17, 28, 21, 9
18, 22, 5
19, 12, 19
20, 25, 2
21, 9, 23
22, 7
23, 17, 22, 23
24, 16, 18
25, 19
26, 24, 29, 8
27, 5
28, 29, 15, 3, 2
29, 5, 19, 2
30, 17, 9, 2

1, 19, 21
2
3
4, 28, 13
5
6, 4, 10
7, 18
8
9
10
11, 25, 20
12
13
14, 17, 15
15
16, 7, 3
17, 29, 26
18
19, 6, 9
20
21
22
23, 16, 22
24, 11, 2
25, 23, 12
26
27
28, 14, 5
29, 30, 8
30, 24, 27

1, 6, 4
2, 13, 12
3
4
5, 14, 10
6, 23, 3
7, 11, 29
8
9, 7, 21
10
11, 5, 26
12
13, 28, 18
14, 17
15, 30, 27
16
17
18
19
20, 15, 16
21
22
23, 2, 22
24
25, 20, 24
26
27
28, 25, 8
29
30, 9, 19

1, 8, 26
2, 28
3, 14, 24
4, 23, 16
5
6, 10, 21
7
8, 6, 7
9, 4, 19
10, 27, 12
11, 9, 22
12
13
14, 11, 13
15
16
17
18, 3, 25
19
20
21
22
23, 2, 5
24
25
26
27, 29, 17
28
29, 30, 20
30, 18, 15

1, 28, 30
2
3
4
5
6, 19
7
8, 21, 26
9
10, 15, 4
11, 18, 29
12, 17, 7
13, 24, 14
14
15, 8, 22
16, 13, 5
17, 16, 23
18, 10, 27
19
20, 11, 25
21, 6, 9
22
23
24, 20, 2
25
26
27
28, 12, 3
29
30

1, 26, 13
2, 2
3, 13, 30
4, 13, 1
5, 24, 1, 27
6, 5, 4, 8
7, 16
8, 17
9, 6, 8, 4
10, 2, 14
11, 21
12, 24
13, 4, 26
14, 3, 15
15, 7, 16
16, 21, 7
17, 12, 20
18, 25, 8
19, 5, 16
20, 13, 10, 7
21, 9, 30
22, 30, 27, 9
23, 14, 24, 8
24, 24, 17
25, 14, 14, 30, 14
26, 26
27, 30, 7, 17
28, 17, 25, 25
29, 15, 28, 26, 9
30, 17, 12

1, 28, 29
2, 12
3, 23, 18, 24, 14
4, 9
5, 16, 17, 27
6, 25, 13, 20
7, 15
8, 26, 30
9, 11, 22, 10
10, 21
11, 19
12
13
14
15
16
17
18
19
20
21
22
23
24
25
26
27
28
29
30

1, 16
2, 1
3, 1, 12
4, 2
5, 13
6, 13, 21, 10
7, 4
8, 25, 8
9, 18, 24
10, 1, 1
11, 4, 18
12, 14
13, 11, 29, 20
14, 10
15, 19, 26
16, 1, 9, 7
17, 23
18, 17
19, 30, 21
20, 20
21, 7, 21
22, 27, 30
23, 15
24, 25, 16, 22
25, 28
26, 17
27, 29, 13
28, 22
29, 9, 27
30, 20, 8, 14

1, 22, 30
2, 12, 23
3, 26, 14
4, 21, 15
5, 27, 25, 8
6, 9, 10
7, 29, 11
8, 24, 16, 19, 18
9, 20, 28
10, 13
11, 17
12
13
14
15
16
17
18
19
20
21
22
23
24
25
26
27
28
29
30

1, 30, 19
2, 24, 21, 19
3, 19
4, 12
5, 14, 6
6, 27, 5
7, 10, 18, 12
8, 14, 16
9, 9, 4, 22
10, 6, 23
11, 14, 13, 30
12, 21, 11
13, 29, 17
14, 22, 11, 11
15, 17, 27, 9, 11
16, 28, 2, 1
17, 17, 17
18, 26, 9, 18
19, 27, 15
20, 19, 11
21, 4
22, 11, 16, 29
23, 22
24, 6, 2, 21
25, 5, 26, 3
26, 27, 26, 10, 13
27, 4
28, 15
29, 2, 8, 24
30, 11, 7, 18

1, 8, 3, 29
2, 18, 28
3, 23, 21
4, 20, 12, 17
5, 15, 19, 30
6, 11, 25, 9
7, 22, 13
8, 24, 14, 16
9, 10, 27
10, 26
11
12
13
14
15
16
17
18
19
20
21
22
23
24
25
26
27
28
29
30

1, 28, 5
2
3
4, 30, 2
5
6, 7, 29
7, 11, 12
8, 14, 16
9
10, 4, 9
11, 17, 22
12
13
14, 24
15, 20, 25
16
17, 23, 19
18
19
20, 21, 3
21, 6, 18
22
23, 8, 26
24
25
26
27
28, 10, 27
29
30, 15, 13

1, 12, 14
2
3
4
5
6, 28, 13
7, 26, 4
8
9, 30, 22
10
11
12, 15, 24
13
14
15, 9, 19
16, 23, 21
17, 20, 2
18, 6, 25
19
20, 16, 3
21
22
23, 18, 8
24
25
26, 5
27, 17, 10
28, 7, 11
29
30, 27, 29

1, 26, 19, 23
2, 27, 6
3, 5, 24, 10
4, 13, 11
5, 25, 21, 5
6, 2, 22
7, 25, 30
8, 28
9, 10, 6, 17
10, 23, 7, 11
11, 16, 7, 28
12, 25
13, 7
14, 6, 15
15, 24, 28, 3
16, 4, 22
17, 6, 23, 18
18, 30, 29, 28
19, 11, 16
20, 5, 7, 20
21, 23, 21, 10
22, 10
23, 9, 24
24, 29, 23
25, 12, 12
26, 16, 20, 7, 10
27, 25
28, 5, 3
29, 23
30, 30, 2

1, 12
2, 7, 4
3, 23, 14, 22, 19
4, 9
5, 13, 29
6, 16
7, 30
8, 26
9, 20, 17, 18, 10
10, 25, 21
11, 24, 28
12, 15
13, 27
14
15
16
17
18
19
20
21
22
23
24
25
26
27
28
29
30

1, 22, 15
2
3, 27, 8
4
5
6
7, 30, 14
8
9, 28, 23
10
11
12
13, 3, 18
14
15
16, 13, 17
17
18
19, 25, 11
20, 10
21, 9, 6
22, 21, 2
23
24
25, 16, 4
26, 20, 24
27, 7, 5
28, 19, 12
29
30, 26, 29

1, 5, 24, 11
2, 10, 5, 10, 24
3, 11, 8
4, 14
5, 4
6, 5, 22, 12, 25
7, 9, 16
8, 12, 21
9, 11, 7, 23, 13
10, 26
11, 9, 2
12, 3, 19
13, 5
14, 3, 25, 10
15, 6, 26
16, 23, 6, 25
17, 13
18, 11
19, 29, 17
20, 25
21, 11
22, 8
23, 17
24, 5
25, 23, 3, 13
26, 14, 13
27, 7, 19
28, 26
29, 8, 28, 22
30, 3

1, 14
2, 2
3, 15, 4, 18
4, 6, 7
5, 22, 17
6, 1, 27
7, 7, 7, 30
8, 6, 24, 4, 22
9, 4, 5, 1
10, 19, 4
11, 4, 9
12, 13, 13
13, 7, 21
14, 8, 3
15, 14, 20
16, 9
17, 14, 1
18, 25, 18, 16
19, 18, 8
20, 17, 18
21, 28, 28
22, 18, 1
23, 9
24, 19
25, 25, 1
26, 17
27, 23, 23, 29, 23
28, 30, 18, 19
29, 11
30, 10

1, 10, 27
2
3, 19, 7
4
5
6
7
8, 30, 28
9, 24, 15
10, 20, 14
11
12, 17
13
14
15
16, 29, 21
17
18
19, 25, 4
20, 16, 5
21
22, 26, 2
23
24, 22, 13
25, 9, 11
26, 12, 23
27
28
29, 8, 18
30, 3, 6

1, 25
2, 28
3, 16, 20, 12
4, 22
5, 30, 8
6, 21, 24
7, 11, 9
8, 26, 15, 18
9, 17, 14, 10
10, 13, 19, 29
11, 23
12, 27
13
14
15
16
17
18
19
20
21
22
23
24
25
26
27
28
29
30

1, 17, 12
2, 20
3, 30, 28, 25
4, 22, 26, 23
5, 14, 16, 13
6, 7, 8
7, 11, 18, 9
8, 10, 19, 21
9, 24
10, 15, 27
11, 29
12
13
14
15
16
17
18
19
20
21
22
23
24
25
26
27
28
29
30

1, 27, 25
2, 22, 15
3, 26, 9
4, 22
5, 18, 16, 20
6, 19
7, 26, 11
8, 5, 21, 27
9, 10, 22, 29, 13
10, 6, 12
11, 13, 26, 26
12, 9, 13
13, 8
14, 17, 13
15, 16, 9
16, 29, 15
17, 20, 16
18, 8
19, 10, 6, 22
20, 4, 8, 26
21, 27, 19
22, 12, 27
23, 20, 28, 21
24, 11, 22
25, 20, 29
26, 30, 24, 19, 17
27, 9
28, 16, 2, 15
29, 2
30, 22, 30

1, 7, 21
2
3, 10, 22
4, 3, 16
5
6
7, 19, 26
8, 4, 13
9
10, 12, 5
11
12, 17, 15
13
14
15
16
17, 28, 14
18, 8, 24
19, 29, 20
20
21
22
23, 18, 11
24
25, 30, 2
26
27
28, 25, 9
29, 23, 6
30, 27

1, 22, 17
2, 14, 17
3, 29, 14
4, 24, 8, 6, 8
5, 30, 23, 14, 17
6, 15, 13, 18
7, 14, 17, 5, 21
8, 20
9, 9
10, 11, 2
11, 7, 29
12, 28, 23, 5
13, 17, 5, 20
14, 1, 30, 4
15, 6, 20, 20
16, 10, 12
17, 21, 29
18, 18, 6, 13
19, 1, 16
20, 18
21, 20, 7
22, 25, 21
23, 22, 30
24, 8, 11
25, 16, 20, 1
26, 14, 20
27, 26, 8, 15
28, 7
29, 27, 29
30, 4

1, 3, 12
2, 21, 27, 17
3, 16
4, 15, 28
5, 26, 13
6, 11, 24, 20, 23
7, 30
8, 14, 22
9, 19, 25
10, 29
11, 18
12
13
14
15
16
17
18
19
20
21
22
23
24
25
26
27
28
29
30

1, 29, 23
2
3, 14, 17
4, 28, 8
5
6
7, 27, 9
8
9
10, 12
11, 10, 24
12
13, 7, 2
14, 13, 5
15
16, 20, 26
17
18
19
20, 21, 19
21, 4, 25
22, 3, 15
23
24
25
26
27, 16, 18
28, 11, 30
29, 22, 6
30

1, 11, 12, 13
2, 22, 23
3, 4, 5, 8
4, 28, 26, 18
5, 21
6, 10
7, 14, 15, 20
8, 24, 25
9, 17, 29, 19
10, 16, 30
11, 27
12
13
14
15
16
17
18
19
20
21
22
23
24
25
26
27
28
29
30

1, 11
2, 30
3, 17, 12
4, 18, 10
5, 16
6, 24, 19, 7
7, 9, 20
8, 22
9, 15, 21
10, 14
11, 27
12, 26, 23, 29
13, 25
14, 28
15
16
17
18
19
20
21
22
23
24
25
26
27
28
29
30

1, 18, 7, 3
2, 4, 26
3, 25
4, 21
5, 23
6, 9, 27, 29
7, 14, 22, 15
8, 19, 10, 24
9, 16, 17, 28
10, 13, 30
11, 20
12
13
14
15
16
17
18
19
20
21
22
23
24
25
26
27
28
29
30

1, 16, 15
2, 25
3, 9, 12, 13, 28
4, 11, 21
5, 19, 6, 27
6, 10, 29, 14, 8
7, 23
8, 20, 30
9, 18
10, 17, 24
11, 26
12, 22
13
14
15
16
17
18
19
20
21
22
23
24
25
26
27
28
29
30

1, 30, 9
2, 26
3, 21, 7, 28
4, 19, 6, 12, 27
5, 29, 16, 18
6, 11, 15, 24
7, 14
8, 10, 17, 20
9, 23, 13
10, 22
11, 25
12
13
14
15
16
17
18
19
20
21
22
23
24
25
26
27
28
29
30

1, 26, 9
2, 4, 16
3
4, 5, 8
5, 23, 14
6
7
8
9
10
11
12, 2, 27
13
14
15, 12, 25
16
17, 15, 18
18
19, 30, 29
20, 22
21, 19, 3
22
23, 24, 6
24, 20, 13
25
26, 21, 7
27
28, 17, 10
29
30, 28, 11

1, 28, 29
2, 7, 30
3
4
5
6, 2, 8
7, 17, 3
8
9, 10, 15
10, 18
11
12
13, 22, 14
14
15
16, 23, 27
17, 9, 20
18
19, 13, 12
20
21
22, 16, 21
23, 25, 11
24
25, 6, 24
26, 19, 5
27
28, 26, 4
29
30

1, 15, 2
2
3
4
5
6
7
8, 28, 6
9
10, 29, 30
11, 13, 5
12
13, 14, 12
14, 16, 7
15, 20, 25
16, 10, 3
17
18, 24, 27
19
20, 18, 22
21
22
23, 8, 17
24, 23, 21
25
26, 9
27
28, 11, 19
29, 26, 4
30

1, 15, 24
2, 15, 8
3, 2, 21, 12
4, 23, 1, 13
5, 30, 19
6, 15, 23
7, 29, 7
8, 27, 20, 19
9, 26, 10, 12
10, 18
11, 11, 14
12, 19, 4, 20
13, 7, 21
14, 3, 27
15, 21, 22, 3
16, 9, 28
17, 27
18, 11
19, 11, 3, 22
20, 26, 10, 2
21, 8, 2, 13
22, 30, 27, 28
23, 14, 2, 28, 22
24, 25, 27, 13
25, 21, 30, 28
26, 17
27, 22, 28, 11
28, 14, 21
29, 7
30, 9, 14, 3, 11

1, 7, 17
2, 6, 24
3
4
5, 13, 22
6, 23, 16
7, 29, 3
8, 9, 27
9, 18, 20
10
11
12
13, 4
14
15, 2, 30
16
17
18, 5, 21
19, 8, 10
20
21
22
23, 26, 14
24
25, 15, 28
26, 19, 12
27
28
29, 25, 11
30

