1, 24, 18
2
3
4, 29, 27
5
6
7
8, 13, 26
9
10
11, 23, 12
12
13, 16, 22
14
15
16, 28, 6
17
18
19, 3
20, 8, 2
21, 25, 15
22
23, 21, 10
24, 20, 14
25, 4, 7
26
27
28, 11, 9
29, 30, 5
30, 19, 17

1, 24, 18
2
3
4, 29, 27
5
6
7
8, 13, 26
9
10
11, 23, 12
12
13, 16, 22
14
15
16, 28, 6
17
18
19, 3
20, 8, 2
21, 25, 15
22
23, 21, 10
24, 20, 14
25, 4, 7
26
27
28, 11, 9
29, 30, 5
30, 19, 17

1, 30, 18
2, 24, 25
3
4
5
6, 21, 27
7, 16, 5
8, 23, 19
9
10
11, 7, 4
12, 9
13
14
15
16, 2, 3
17, 29, 14
18
19
20
21, 11, 15
22, 6, 26
23, 17, 10
24, 12, 28
25
26
27
28
29, 22, 20
30, 8, 13

1, 28, 11
2, 23
3
4, 9, 17
5, 10, 3
6
7, 2, 18
8, 4, 15
9, 7, 16
10, 8, 13
11
12
13
14, 30, 12
15
16
17
18
19
20
21, 24, 6
22, 21, 19
23
24, 14, 20
25, 5, 29
26
27
28, 22, 27
29
30, 25, 26

1, 6, 17
2, 25, 27
3
4, 28
5
6, 20, 3
7, 15, 23
8, 7, 11
9
10
11
12, 13, 22
13, 2, 16
14
15, 21, 5
16
17
18, 4, 14
19
20, 24, 30
21, 18, 9
22
23
24, 26, 29
25, 8, 10
26, 12, 19
27
28
29
30

1, 30, 18
2, 24, 25
3
4
5
6, 21, 27
7, 16, 5
8, 23, 19
9
10
11, 7, 4
12, 9
13
14
15
16, 2, 3
17, 29, 14
18
19
20
21, 11, 15
22, 6, 26
23, 17, 10
24, 12, 28
25
26
27
28
29, 22, 20
30, 8, 13

1, 5, 17
2, 15, 26
3
4, 18
5, 2, 10
6
7, 4, 9
8
9
10
11
12, 24, 22
13, 12, 20
14
15, 13, 8
16
17
18
19
20
21, 23, 29
22
23, 28, 16
24, 25, 14
25, 27, 11
26
27, 30, 19
28, 7, 6
29
30, 21, 3

1, 28, 11
2, 23
3
4, 9, 17
5, 10, 3
6
7, 2, 18
8, 4, 15
9, 7, 16
10, 8, 13
11
12
13
14, 30, 12
15
16
17
18
19
20
21, 24, 6
22, 21, 19
23
24, 14, 20
25, 5, 29
26
27
28, 22, 27
29
30, 25, 26

1, 6, 17
2, 25, 27
3
4, 28
5
6, 20, 3
7, 15, 23
8, 7, 11
9
10
11
12, 13, 22
13, 2, 16
14
15, 21, 5
16
17
18, 4, 14
19
20, 24, 30
21, 18, 9
22
23
24, 26, 29
25, 8, 10
26, 12, 19
27
28
29
30

1, 14, 19
2
3, 24, 2
4
5
6, 10, 23
7, 8, 18
8, 28, 25
9
10, 3, 9
11, 17, 13
12, 22, 16
13
14, 12, 27
15, 29, 20
16
17, 21
18
19
20
21
22, 15, 26
23
24, 11, 4
25
26
27
28, 6, 5
29, 7, 30
30

1, 29, 17
2, 30, 16
3
4
5, 6, 20
6, 25, 22
7, 24, 3
8
9
10
11, 28, 18
12
13
14, 26, 13
15
16
17
18
19, 11, 9
20
21
22
23, 19, 8
24, 2, 15
25, 23, 12
26, 27
27
28, 7, 4
29, 5, 10
30, 14, 21

1, 24, 22
2
3
4
5
6, 18, 14
7
8, 16, 4
9, 30, 20
10
11
12, 19, 7
13, 2
14
15
16, 27, 29
17, 6, 5
18, 28, 15
19, 25, 23
20
21
22
23
24, 8, 10
25, 9, 21
26
27, 17, 11
28, 12, 26
29
30, 13, 3

1, 5, 17
2, 15, 26
3
4, 18
5, 2, 10
6
7, 4, 9
8
9
10
11
12, 24, 22
13, 12, 20
14
15, 13, 8
16
17
18
19
20
21, 23, 29
22
23, 28, 16
24, 25, 14
25, 27, 11
26
27, 30, 19
28, 7, 6
29
30, 21, 3

1, 14, 19
2
3, 24, 2
4
5
6, 10, 23
7, 8, 18
8, 28, 25
9
10, 3, 9
11, 17, 13
12, 22, 16
13
14, 12, 27
15, 29, 20
16
17, 21
18
19
20
21
22, 15, 26
23
24, 11, 4
25
26
27
28, 6, 5
29, 7, 30
30

1, 23, 26
2
3
4
5
6, 19, 15
7, 10, 28
8
9
10, 9
11
12, 7, 17
13
14, 6, 3
15
16
17
18
19, 29, 18
20, 12, 2
21, 27, 11
22, 21, 4
23, 30, 5
24
25, 14, 24
26
27, 25, 13
28
29, 20, 16
30, 22, 8

1, 29, 17
2, 30, 16
3
4
5, 6, 20
6, 25, 22
7, 24, 3
8
9
10
11, 28, 18
12
13
14, 26, 13
15
16
17
18
19, 11, 9
20
21
22
23, 19, 8
24, 2, 15
25, 23, 12
26, 27
27
28, 7, 4
29, 5, 10
30, 14, 21

1, 24, 22
2
3
4
5
6, 18, 14
7
8, 16, 4
9, 30, 20
10
11
12, 19, 7
13, 2
14
15
16, 27, 29
17, 6, 5
18, 28, 15
19, 25, 23
20
21
22
23
24, 8, 10
25, 9, 21
26
27, 17, 11
28, 12, 26
29
30, 13, 3

1, 27, 15
2, 17, 6
3
4
5, 20, 25
6
7, 14, 19
8, 7, 3
9, 2, 12
10
11
12
13
14, 22, 11
15
16, 5, 21
17, 18, 29
18, 23
19
20, 28, 13
21
22, 9, 10
23
24
25
26
27, 16, 4
28, 30, 24
29
30, 8, 26

1, 11, 21
2, 5, 17
3
4
5, 19
6, 10, 29
7
8
9
10, 26, 9
11, 23, 30
12, 22, 7
13
14, 27, 18
15, 12, 24
16
17
18
19
20, 28, 8
21
22, 6, 16
23, 14, 4
24
25
26, 2, 13
27, 20, 25
28, 15, 3
29
30

1, 7, 13
2
3
4
5
6
7, 9, 15
8, 10, 6
9, 11, 3
10, 25, 16
11, 21, 26
12, 22, 24
13
14
15
16
17
18
19, 30, 2
20, 19, 5
21, 20, 18
22, 29
23, 12, 28
24
25, 27, 17
26
27, 23, 14
28
29
30, 8, 4

1, 28, 19
2
3, 29, 6
4
5, 15, 17
6
7, 2
8
9
10, 27, 14
11, 26, 23
12
13, 25, 20
14
15, 7, 24
16, 3, 9
17
18
19
20
21, 13, 30
22
23
24
25, 11, 4
26, 10, 12
27, 16, 8
28, 21, 18
29, 5, 22
30

1, 23, 26
2
3
4
5
6, 19, 15
7, 10, 28
8
9
10, 9
11
12, 7, 17
13
14, 6, 3
15
16
17
18
19, 29, 18
20, 12, 2
21, 27, 11
22, 21, 4
23, 30, 5
24
25, 14, 24
26
27, 25, 13
28
29, 20, 16
30, 22, 8

1, 27, 15
2, 17, 6
3
4
5, 20, 25
6
7, 14, 19
8, 7, 3
9, 2, 12
10
11
12
13
14, 22, 11
15
16, 5, 21
17, 18, 29
18, 23
19
20, 28, 13
21
22, 9, 10
23
24
25
26
27, 16, 4
28, 30, 24
29
30, 8, 26

1, 11, 21
2, 5, 17
3
4
5, 19
6, 10, 29
7
8
9
10, 26, 9
11, 23, 30
12, 22, 7
13
14, 27, 18
15, 12, 24
16
17
18
19
20, 28, 8
21
22, 6, 16
23, 14, 4
24
25
26, 2, 13
27, 20, 25
28, 15, 3
29
30

1, 7, 13
2
3
4
5
6
7, 9, 15
8, 10, 6
9, 11, 3
10, 25, 16
11, 21, 26
12, 22, 24
13
14
15
16
17
18
19, 30, 2
20, 19, 5
21, 20, 18
22, 29
23, 12, 28
24
25, 27, 17
26
27, 23, 14
28
29
30, 8, 4

1, 9, 26
2, 20, 21
3, 14, 27
4
5
6, 13
7
8
9, 18, 4
10
11, 12, 5
12, 29, 7
13
14, 2, 30
15, 25, 23
16, 11, 17
17
18, 16, 28
19
20, 15, 10
21
22
23
24, 6, 22
25, 24, 8
26
27
28
29, 3, 19
30

1, 28, 19
2
3, 29, 6
4
5, 15, 17
6
7, 2
8
9
10, 27, 14
11, 26, 23
12
13, 25, 20
14
15, 7, 24
16, 3, 9
17
18
19
20
21, 13, 30
22
23
24
25, 11, 4
26, 10, 12
27, 16, 8
28, 21, 18
29, 5, 22
30

1, 24, 26
2, 16, 14
3, 15, 20
4
5
6
7, 12, 28
8
9
10, 22, 6
11
12, 3, 27
13, 23, 18
14
15, 29, 8
16, 19, 11
17
18
19, 10, 5
20
21
22, 13, 4
23, 9
24, 30, 17
25
26
27
28
29, 2, 25
30, 7, 21

1, 3, 5
2
3, 18, 13
4, 11, 24
5
6
7, 4, 8
8
9, 21, 23
10, 22, 25
11, 10, 6
12
13
14, 29, 30
15, 7, 17
16, 9, 12
17
18, 15, 2
19
20
21, 14, 20
22, 26, 19
23
24
25
26, 16, 28
27
28
29, 27
30

1, 9, 26
2, 20, 21
3, 14, 27
4
5
6, 13
7
8
9, 18, 4
10
11, 12, 5
12, 29, 7
13
14, 2, 30
15, 25, 23
16, 11, 17
17
18, 16, 28
19
20, 15, 10
21
22
23
24, 6, 22
25, 24, 8
26
27
28
29, 3, 19
30

1, 24, 26
2, 16, 14
3, 15, 20
4
5
6
7, 12, 28
8
9
10, 22, 6
11
12, 3, 27
13, 23, 18
14
15, 29, 8
16, 19, 11
17
18
19, 10, 5
20
21
22, 13, 4
23, 9
24, 30, 17
25
26
27
28
29, 2, 25
30, 7, 21

1, 3, 5
2
3, 18, 13
4, 11, 24
5
6
7, 4, 8
8
9, 21, 23
10, 22, 25
11, 10, 6
12
13
14, 29, 30
15, 7, 17
16, 9, 12
17
18, 15, 2
19
20
21, 14, 20
22, 26, 19
23
24
25
26, 16, 28
27
28
29, 27
30

1, 27, 29
2
3
4, 11, 15
5, 7, 18
6
7, 10, 23
8
9
10, 25, 22
11, 30, 2
12
13, 20, 19
14, 24, 16
15
16
17
18
19
20, 5, 3
21
22
23
24, 26, 6
25, 14, 9
26, 28, 8
27, 13, 21
28, 4, 12
29
30, 17

1, 27, 29
2
3
4, 11, 15
5, 7, 18
6
7, 10, 23
8
9
10, 25, 22
11, 30, 2
12
13, 20, 19
14, 24, 16
15
16
17
18
19
20, 5, 3
21
22
23
24, 26, 6
25, 14, 9
26, 28, 8
27, 13, 21
28, 4, 12
29
30, 17

1, 14, 20
2, 12, 18
3, 8, 23
4
5, 24, 6
6
7, 25, 17
8, 19, 29
9, 5, 16
10
11
12, 15, 10
13
14, 26, 27
15, 9, 21
16
17
18
19, 2, 11
20
21
22, 4
23
24, 7, 28
25, 22, 13
26, 3, 30
27
28
29
30

1, 14, 20
2, 12, 18
3, 8, 23
4
5, 24, 6
6
7, 25, 17
8, 19, 29
9, 5, 16
10
11
12, 15, 10
13
14, 26, 27
15, 9, 21
16
17
18
19, 2, 11
20
21
22, 4
23
24, 7, 28
25, 22, 13
26, 3, 30
27
28
29
30

1, 10, 4
2, 28, 5
3
4
5
6, 18
7
8
9
10, 25, 8
11
12, 29, 17
13, 16, 9
14
15
16, 23, 15
17
18
19
20
21, 30, 3
22
23, 2, 22
24
25, 26, 7
26, 21, 19
27, 12, 11
28, 6, 14
29, 13, 20
30, 27, 24

1, 10, 4
2, 28, 5
3
4
5
6, 18
7
8
9
10, 25, 8
11
12, 29, 17
13, 16, 9
14
15
16, 23, 15
17
18
19
20
21, 30, 3
22
23, 2, 22
24
25, 26, 7
26, 21, 19
27, 12, 11
28, 6, 14
29, 13, 20
30, 27, 24

1, 19, 20
2
3
4, 17
5, 8, 23
6, 10, 9
7
8, 25, 3
9
10, 4, 15
11
12
13, 5, 12
14, 13, 16
15
16
17
18, 14, 30
19, 22, 11
20
21, 27, 7
22, 18, 24
23
24
25, 28, 2
26
27, 6, 29
28, 21, 26
29
30

1, 19, 20
2
3
4, 17
5, 8, 23
6, 10, 9
7
8, 25, 3
9
10, 4, 15
11
12
13, 5, 12
14, 13, 16
15
16
17
18, 14, 30
19, 22, 11
20
21, 27, 7
22, 18, 24
23
24
25, 28, 2
26
27, 6, 29
28, 21, 26
29
30

1, 5, 12
2, 30, 3
3
4
5, 13, 7
6
7
8
9, 15, 26
10, 25, 28
11
12
13, 21, 6
14, 2, 11
15, 18, 22
16
17
18, 23, 24
19
20, 9, 16
21, 20, 17
22
23, 10, 8
24
25, 14, 4
26
27, 29
28
29
30, 27, 19

1, 5, 12
2, 30, 3
3
4
5, 13, 7
6
7
8
9, 15, 26
10, 25, 28
11
12
13, 21, 6
14, 2, 11
15, 18, 22
16
17
18, 23, 24
19
20, 9, 16
21, 20, 17
22
23, 10, 8
24
25, 14, 4
26
27, 29
28
29
30, 27, 19

1, 16, 17
2, 10, 6
3, 24, 28
4, 3, 25
5, 11, 14
6
7, 20, 29
8
9
10, 5, 22
11, 26, 9
12
13
14
15, 19, 21
16, 2, 12
17
18
19, 8
20, 15, 13
21
22
23
24, 7, 27
25
26, 30, 23
27
28
29
30, 4, 18

1, 16, 17
2, 10, 6
3, 24, 28
4, 3, 25
5, 11, 14
6
7, 20, 29
8
9
10, 5, 22
11, 26, 9
12
13
14
15, 19, 21
16, 2, 12
17
18
19, 8
20, 15, 13
21
22
23
24, 7, 27
25
26, 30, 23
27
28
29
30, 4, 18

1, 4, 16
2
3
4, 12, 28
5, 21, 27
6
7
8, 19, 17
9
10, 5, 7
11
12, 29, 25
13
14, 18, 9
15, 8, 11
16
17
18, 20, 3
19, 22, 6
20, 24
21, 14, 23
22, 30, 26
23
24
25
26
27
28
29, 15, 13
30, 10, 2

1, 4, 16
2
3
4, 12, 28
5, 21, 27
6
7
8, 19, 17
9
10, 5, 7
11
12, 29, 25
13
14, 18, 9
15, 8, 11
16
17
18, 20, 3
19, 22, 6
20, 24
21, 14, 23
22, 30, 26
23
24
25
26
27
28
29, 15, 13
30, 10, 2

1, 26, 24
2, 25
3, 19, 13
4
5
6
7, 29, 14
8, 3, 17
9
10, 23, 27
11
12
13
14
15
16, 28, 12
17
18
19, 10, 11
20
21, 30, 15
22, 21, 9
23, 16, 4
24
25
26, 8, 5
27
28, 22, 6
29, 2, 18
30, 7, 20

1, 26, 24
2, 25
3, 19, 13
4
5
6
7, 29, 14
8, 3, 17
9
10, 23, 27
11
12
13
14
15
16, 28, 12
17
18
19, 10, 11
20
21, 30, 15
22, 21, 9
23, 16, 4
24
25
26, 8, 5
27
28, 22, 6
29, 2, 18
30, 7, 20

1, 2, 19
2, 24, 29
3
4
5, 14, 15
6
7
8
9
10
11, 30, 10
12
13
14, 22, 4
15
16
17
18, 11, 17
19
20, 18, 3
21, 20, 27
22, 28, 12
23, 5, 16
24, 25, 13
25, 21, 7
26, 23, 6
27
28, 9
29
30, 26, 8

1, 2, 19
2, 24, 29
3
4
5, 14, 15
6
7
8
9
10
11, 30, 10
12
13
14, 22, 4
15
16
17
18, 11, 17
19
20, 18, 3
21, 20, 27
22, 28, 12
23, 5, 16
24, 25, 13
25, 21, 7
26, 23, 6
27
28, 9
29
30, 26, 8

1, 28, 20
2
3, 15, 26
4, 27, 18
5
6
7, 3, 10
8, 4, 6
9
10
11
12
13
14, 17, 9
15, 8, 30
16
17, 21, 13
18
19, 22, 16
20
21, 19, 24
22, 12
23, 25, 11
24
25, 14, 2
26
27, 23, 29
28, 7, 5
29
30

1, 28, 20
2
3, 15, 26
4, 27, 18
5
6
7, 3, 10
8, 4, 6
9
10
11
12
13
14, 17, 9
15, 8, 30
16
17, 21, 13
18
19, 22, 16
20
21, 19, 24
22, 12
23, 25, 11
24
25, 14, 2
26
27, 23, 29
28, 7, 5
29
30

1, 7, 25
2, 14, 18
3
4, 21, 20
5
6, 23, 16
7, 13, 26
8, 6, 12
9, 4, 28
10, 2, 3
11, 22, 24
12
13, 10, 29
14, 8, 27
15
16
17
18
19
20
21, 11, 15
22, 30, 19
23, 9, 5
24
25
26
27
28
29
30, 17

1, 7, 25
2, 14, 18
3
4, 21, 20
5
6, 23, 16
7, 13, 26
8, 6, 12
9, 4, 28
10, 2, 3
11, 22, 24
12
13, 10, 29
14, 8, 27
15
16
17
18
19
20
21, 11, 15
22, 30, 19
23, 9, 5
24
25
26
27
28
29
30, 17

1, 21, 13
2
3
4
5, 22
6
7, 26, 8
8
9
10
11, 12, 4
12, 28, 14
13
14
15
16, 27, 29
17
18, 11, 9
19
20, 23, 6
21, 7, 25
22
23, 30, 17
24, 16, 10
25
26, 24, 3
27, 18, 19
28, 20, 15
29
30, 5, 2

1, 18, 17
2
3, 4, 7
4, 26, 22
5, 3, 13
6, 20, 25
7
8, 11, 24
9
10
11, 30, 12
12
13
14
15, 8, 28
16, 2
17
18, 19, 10
19, 27, 9
20, 15, 29
21
22
23
24
25
26, 16, 23
27, 6, 21
28
29
30, 5, 14

1, 21, 13
2
3
4
5, 22
6
7, 26, 8
8
9
10
11, 12, 4
12, 28, 14
13
14
15
16, 27, 29
17
18, 11, 9
19
20, 23, 6
21, 7, 25
22
23, 30, 17
24, 16, 10
25
26, 24, 3
27, 18, 19
28, 20, 15
29
30, 5, 2

1, 18, 17
2
3, 4, 7
4, 26, 22
5, 3, 13
6, 20, 25
7
8, 11, 24
9
10
11, 30, 12
12
13
14
15, 8, 28
16, 2
17
18, 19, 10
19, 27, 9
20, 15, 29
21
22
23
24
25
26, 16, 23
27, 6, 21
28
29
30, 5, 14

1, 13, 5
2
3, 27, 20
4
5
6
7, 9, 4
8, 25, 6
9, 17, 12
10, 23, 21
11
12
13, 3, 22
14, 29, 16
15, 24
16
17, 14, 26
18
19
20
21
22
23, 8, 18
24
25, 7, 30
26
27, 28, 2
28, 10, 11
29, 15, 19
30

1, 2, 29
2, 26, 14
3
4
5, 13
6, 18, 8
7, 5, 17
8
9
10
11, 24, 19
12, 16, 23
13
14
15
16, 25, 3
17
18, 11, 15
19
20
21, 12, 4
22
23
24, 27, 28
25, 6, 22
26, 30, 20
27, 7, 9
28
29
30, 21, 10

1, 13, 5
2
3, 27, 20
4
5
6
7, 9, 4
8, 25, 6
9, 17, 12
10, 23, 21
11
12
13, 3, 22
14, 29, 16
15, 24
16
17, 14, 26
18
19
20
21
22
23, 8, 18
24
25, 7, 30
26
27, 28, 2
28, 10, 11
29, 15, 19
30

1, 14, 18
2
3, 25, 8
4, 17, 24
5
6
7, 4, 12
8
9, 19, 29
10
11
12
13
14, 9, 11
15, 20, 13
16
17, 3, 27
18
19, 30, 6
20, 22, 23
21
22, 7, 10
23
24
25, 26, 21
26, 16
27
28, 15, 5
29
30, 28, 2

1, 2, 29
2, 26, 14
3
4
5, 13
6, 18, 8
7, 5, 17
8
9
10
11, 24, 19
12, 16, 23
13
14
15
16, 25, 3
17
18, 11, 15
19
20
21, 12, 4
22
23
24, 27, 28
25, 6, 22
26, 30, 20
27, 7, 9
28
29
30, 21, 10

1, 20, 17
2, 15, 24
3
4
5
6, 2, 21
7, 6, 3
8
9
10, 7, 23
11, 13, 19
12, 29, 14
13, 25, 9
14
15, 30, 8
16
17
18
19
20, 10, 28
21
22, 27, 26
23
24
25, 16
26
27, 12, 18
28
29, 11, 5
30, 22, 4

1, 24, 21
2, 9, 26
3
4, 18, 22
5, 13, 14
6, 11, 8
7
8
9, 19
10
11, 28, 23
12
13, 20, 10
14
15
16
17
18, 2, 29
19
20, 4, 12
21
22
23
24, 27, 17
25, 30, 16
26
27, 6, 15
28, 25, 7
29
30, 5, 3

1, 14, 18
2
3, 25, 8
4, 17, 24
5
6
7, 4, 12
8
9, 19, 29
10
11
12
13
14, 9, 11
15, 20, 13
16
17, 3, 27
18
19, 30, 6
20, 22, 23
21
22, 7, 10
23
24
25, 26, 21
26, 16
27
28, 15, 5
29
30, 28, 2

1, 16, 29
2, 25, 20
3, 19, 11
4, 24, 9
5
6
7, 2, 18
8
9
10, 3, 6
11
12
13
14, 27, 13
15
16, 7, 15
17
18
19, 30, 5
20
21, 22
22
23
24, 21, 26
25, 14, 23
26
27, 28, 12
28, 10, 17
29
30, 4, 8

1, 20, 17
2, 15, 24
3
4
5
6, 2, 21
7, 6, 3
8
9
10, 7, 23
11, 13, 19
12, 29, 14
13, 25, 9
14
15, 30, 8
16
17
18
19
20, 10, 28
21
22, 27, 26
23
24
25, 16
26
27, 12, 18
28
29, 11, 5
30, 22, 4

1, 7, 25
2, 16
3
4
5
6
7, 10, 13
8
9
10, 28, 30
11
12
13
14, 23, 11
15, 14, 5
16
17, 19, 24
18, 20, 27
19, 21, 12
20, 22, 3
21, 2, 4
22, 15, 8
23, 29, 26
24
25
26
27
28, 18, 9
29, 17, 6
30

1, 22, 5
2
3
4
5
6, 20
7, 29, 12
8, 6, 15
9, 7, 2
10
11, 18, 10
12
13
14
15
16
17
18, 26, 17
19, 8, 28
20
21
22, 11, 13
23, 27, 25
24, 19, 21
25
26, 23, 14
27, 30, 4
28
29, 24, 3
30, 9, 16

1, 24, 21
2, 9, 26
3
4, 18, 22
5, 13, 14
6, 11, 8
7
8
9, 19
10
11, 28, 23
12
13, 20, 10
14
15
16
17
18, 2, 29
19
20, 4, 12
21
22
23
24, 27, 17
25, 30, 16
26
27, 6, 15
28, 25, 7
29
30, 5, 3

1, 10, 13
2, 25
3
4, 27, 6
5
6
7
8
9
10, 4, 8
11
12, 22, 7
13
14
15
16, 23, 11
17, 24, 3
18
19, 21, 29
20, 28, 14
21, 2, 9
22, 20, 18
23, 19, 30
24, 12, 15
25
26
27, 17, 5
28, 16, 26
29
30

1, 16, 29
2, 25, 20
3, 19, 11
4, 24, 9
5
6
7, 2, 18
8
9
10, 3, 6
11
12
13
14, 27, 13
15
16, 7, 15
17
18
19, 30, 5
20
21, 22
22
23
24, 21, 26
25, 14, 23
26
27, 28, 12
28, 10, 17
29
30, 4, 8

1, 18, 27
2
3, 20, 28
4, 3, 10
5, 24, 17
6
7
8
9
10
11, 19, 9
12, 26, 8
13
14
15
16, 30, 13
17
18, 4, 7
19, 6
20, 29, 14
21
22
23
24, 12, 21
25, 5, 23
26, 11, 2
27
28
29, 16, 22
30, 25, 15

1, 6, 19
2, 25, 20
3
4, 27, 18
5
6, 23, 26
7, 30, 14
8
9, 7, 24
10, 9, 13
11
12
13
14
15, 8
16, 4, 12
17
18
19
20
21, 10, 11
22
23, 16, 22
24
25, 15, 17
26
27, 29, 28
28
29, 21, 3
30, 2, 5

1, 22, 12
2
3, 9, 17
4
5, 25, 2
6, 23, 10
7
8
9, 11, 14
10
11, 16, 30
12
13
14
15
16, 6, 29
17
18
19, 20, 28
20, 5, 7
21, 15
22, 27, 18
23, 19, 13
24, 21, 4
25, 24, 8
26
27, 3, 26
28
29
30

1, 7, 25
2, 16
3
4
5
6
7, 10, 13
8
9
10, 28, 30
11
12
13
14, 23, 11
15, 14, 5
16
17, 19, 24
18, 20, 27
19, 21, 12
20, 22, 3
21, 2, 4
22, 15, 8
23, 29, 26
24
25
26
27
28, 18, 9
29, 17, 6
30

1, 22, 5
2
3
4
5
6, 20
7, 29, 12
8, 6, 15
9, 7, 2
10
11, 18, 10
12
13
14
15
16
17
18, 26, 17
19, 8, 28
20
21
22, 11, 13
23, 27, 25
24, 19, 21
25
26, 23, 14
27, 30, 4
28
29, 24, 3
30, 9, 16

1, 10, 13
2, 25
3
4, 27, 6
5
6
7
8
9
10, 4, 8
11
12, 22, 7
13
14
15
16, 23, 11
17, 24, 3
18
19, 21, 29
20, 28, 14
21, 2, 9
22, 20, 18
23, 19, 30
24, 12, 15
25
26
27, 17, 5
28, 16, 26
29
30

1, 30, 7
2, 22, 12
3, 8
4
5, 25, 16
6
7
8
9
10
11
12
13, 20, 26
14
15
16
17, 21, 29
18, 5, 15
19
20, 2, 4
21, 3, 9
22, 18, 23
23
24, 13, 19
25, 28, 10
26
27, 17, 6
28, 27, 14
29
30, 24, 11

1, 10, 30
2, 12, 9
3, 14, 19
4
5
6
7, 22, 18
8
9
10, 7, 17
11, 21, 4
12, 11, 5
13, 2, 16
14, 27, 29
15
16
17
18
19
20
21, 15
22, 3, 20
23
24
25, 28, 8
26, 25, 24
27, 26, 23
28, 13, 6
29
30

1, 9, 5
2, 17, 10
3, 26, 29
4, 14, 22
5
6
7, 20, 8
8
9, 25, 11
10
11
12
13, 15, 24
14, 13, 27
15, 19, 30
16
17, 3, 16
18
19, 21, 18
20, 2, 12
21, 23
22
23
24
25, 7, 6
26, 4, 28
27
28
29
30

1, 5, 27
2
3
4, 15, 23
5, 25, 3
6, 28, 13
7
8, 22, 30
9
10
11, 12, 7
12, 9
13
14
15, 8, 20
16, 6, 18
17, 11, 10
18
19
20
21, 17, 2
22, 16, 14
23
24
25, 26, 19
26, 4, 24
27
28, 21, 29
29
30

1, 18, 22
2
3
4, 13, 29
5, 16, 2
6, 24, 8
7
8
9
10
11, 6, 25
12
13, 14, 12
14, 20, 26
15, 27, 23
16, 28, 30
17
18, 4, 17
19
20, 5, 9
21, 10
22
23
24, 21, 3
25
26
27, 11, 19
28, 15, 7
29
30

1, 15, 17
2
3
4, 7, 2
5, 9, 30
6
7, 23, 21
8, 19, 14
9, 8, 28
10
11
12
13
14
15, 24, 3
16
17
18, 4, 12
19, 27, 13
20, 5, 22
21
22
23, 26, 11
24, 18, 10
25
26, 29, 6
27, 25
28
29, 20, 16
30

1, 8, 15
2, 27, 22
3, 7, 26
4
5, 13, 18
6
7, 17, 14
8, 24, 12
9
10, 21, 9
11, 2, 29
12
13, 16, 30
14
15
16, 20
17, 25, 6
18
19
20
21, 3, 4
22
23
24, 10, 28
25, 11, 19
26
27, 5, 23
28
29
30

1, 19, 21
2
3
4, 28, 13
5
6, 4, 10
7, 18
8
9
10
11, 25, 20
12
13
14, 17, 15
15
16, 7, 3
17, 29, 26
18
19, 6, 9
20
21
22
23, 16, 22
24, 11, 2
25, 23, 12
26
27
28, 14, 5
29, 30, 8
30, 24, 27

1, 18, 27
2
3, 20, 28
4, 3, 10
5, 24, 17
6
7
8
9
10
11, 19, 9
12, 26, 8
13
14
15
16, 30, 13
17
18, 4, 7
19, 6
20, 29, 14
21
22
23
24, 12, 21
25, 5, 23
26, 11, 2
27
28
29, 16, 22
30, 25, 15

1, 6, 4
2, 13, 12
3
4
5, 14, 10
6, 23, 3
7, 11, 29
8
9, 7, 21
10
11, 5, 26
12
13, 28, 18
14, 17
15, 30, 27
16
17
18
19
20, 15, 16
21
22
23, 2, 22
24
25, 20, 24
26
27
28, 25, 8
29
30, 9, 19

1, 8, 26
2, 28
3, 14, 24
4, 23, 16
5
6, 10, 21
7
8, 6, 7
9, 4, 19
10, 27, 12
11, 9, 22
12
13
14, 11, 13
15
16
17
18, 3, 25
19
20
21
22
23, 2, 5
24
25
26
27, 29, 17
28
29, 30, 20
30, 18, 15

1, 28, 30
2
3
4
5
6, 19
7
8, 21, 26
9
10, 15, 4
11, 18, 29
12, 17, 7
13, 24, 14
14
15, 8, 22
16, 13, 5
17, 16, 23
18, 10, 27
19
20, 11, 25
21, 6, 9
22
23
24, 20, 2
25
26
27
28, 12, 3
29
30

1, 6, 19
2, 25, 20
3
4, 27, 18
5
6, 23, 26
7, 30, 14
8
9, 7, 24
10, 9, 13
11
12
13
14
15, 8
16, 4, 12
17
18
19
20
21, 10, 11
22
23, 16, 22
24
25, 15, 17
26
27, 29, 28
28
29, 21, 3
30, 2, 5

1, 22, 12
2
3, 9, 17
4
5, 25, 2
6, 23, 10
7
8
9, 11, 14
10
11, 16, 30
12
13
14
15
16, 6, 29
17
18
19, 20, 28
20, 5, 7
21, 15
22, 27, 18
23, 19, 13
24, 21, 4
25, 24, 8
26
27, 3, 26
28
29
30

1, 28, 5
2
3
4, 30, 2
5
6, 7, 29
7, 11, 12
8, 14, 16
9
10, 4, 9
11, 17, 22
12
13
14, 24
15, 20, 25
16
17, 23, 19
18
19
20, 21, 3
21, 6, 18
22
23, 8, 26
24
25
26
27
28, 10, 27
29
30, 15, 13

1, 30, 7
2, 22, 12
3, 8
4
5, 25, 16
6
7
8
9
10
11
12
13, 20, 26
14
15
16
17, 21, 29
18, 5, 15
19
20, 2, 4
21, 3, 9
22, 18, 23
23
24, 13, 19
25, 28, 10
26
27, 17, 6
28, 27, 14
29
30, 24, 11

1, 10, 30
2, 12, 9
3, 14, 19
4
5
6
7, 22, 18
8
9
10, 7, 17
11, 21, 4
12, 11, 5
13, 2, 16
14, 27, 29
15
16
17
18
19
20
21, 15
22, 3, 20
23
24
25, 28, 8
26, 25, 24
27, 26, 23
28, 13, 6
29
30

1, 9, 5
2, 17, 10
3, 26, 29
4, 14, 22
5
6
7, 20, 8
8
9, 25, 11
10
11
12
13, 15, 24
14, 13, 27
15, 19, 30
16
17, 3, 16
18
19, 21, 18
20, 2, 12
21, 23
22
23
24
25, 7, 6
26, 4, 28
27
28
29
30

1, 12, 14
2
3
4
5
6, 28, 13
7, 26, 4
8
9, 30, 22
10
11
12, 15, 24
13
14
15, 9, 19
16, 23, 21
17, 20, 2
18, 6, 25
19
20, 16, 3
21
22
23, 18, 8
24
25
26, 5
27, 17, 10
28, 7, 11
29
30, 27, 29

1, 5, 27
2
3
4, 15, 23
5, 25, 3
6, 28, 13
7
8, 22, 30
9
10
11, 12, 7
12, 9
13
14
15, 8, 20
16, 6, 18
17, 11, 10
18
19
20
21, 17, 2
22, 16, 14
23
24
25, 26, 19
26, 4, 24
27
28, 21, 29
29
30

1, 22, 15
2
3, 27, 8
4
5
6
7, 30, 14
8
9, 28, 23
10
11
12
13, 3, 18
14
15
16, 13, 17
17
18
19, 25, 11
20, 10
21, 9, 6
22, 21, 2
23
24
25, 16, 4
26, 20, 24
27, 7, 5
28, 19, 12
29
30, 26, 29

1, 18, 22
2
3
4, 13, 29
5, 16, 2
6, 24, 8
7
8
9
10
11, 6, 25
12
13, 14, 12
14, 20, 26
15, 27, 23
16, 28, 30
17
18, 4, 17
19
20, 5, 9
21, 10
22
23
24, 21, 3
25
26
27, 11, 19
28, 15, 7
29
30

1, 15, 17
2
3
4, 7, 2
5, 9, 30
6
7, 23, 21
8, 19, 14
9, 8, 28
10
11
12
13
14
15, 24, 3
16
17
18, 4, 12
19, 27, 13
20, 5, 22
21
22
23, 26, 11
24, 18, 10
25
26, 29, 6
27, 25
28
29, 20, 16
30

1, 8, 15
2, 27, 22
3, 7, 26
4
5, 13, 18
6
7, 17, 14
8, 24, 12
9
10, 21, 9
11, 2, 29
12
13, 16, 30
14
15
16, 20
17, 25, 6
18
19
20
21, 3, 4
22
23
24, 10, 28
25, 11, 19
26
27, 5, 23
28
29
30

1, 19, 21
2
3
4, 28, 13
5
6, 4, 10
7, 18
8
9
10
11, 25, 20
12
13
14, 17, 15
15
16, 7, 3
17, 29, 26
18
19, 6, 9
20
21
22
23, 16, 22
24, 11, 2
25, 23, 12
26
27
28, 14, 5
29, 30, 8
30, 24, 27

1, 6, 4
2, 13, 12
3
4
5, 14, 10
6, 23, 3
7, 11, 29
8
9, 7, 21
10
11, 5, 26
12
13, 28, 18
14, 17
15, 30, 27
16
17
18
19
20, 15, 16
21
22
23, 2, 22
24
25, 20, 24
26
27
28, 25, 8
29
30, 9, 19

1, 10, 27
2
3, 19, 7
4
5
6
7
8, 30, 28
9, 24, 15
10, 20, 14
11
12, 17
13
14
15
16, 29, 21
17
18
19, 25, 4
20, 16, 5
21
22, 26, 2
23
24, 22, 13
25, 9, 11
26, 12, 23
27
28
29, 8, 18
30, 3, 6

1, 8, 26
2, 28
3, 14, 24
4, 23, 16
5
6, 10, 21
7
8, 6, 7
9, 4, 19
10, 27, 12
11, 9, 22
12
13
14, 11, 13
15
16
17
18, 3, 25
19
20
21
22
23, 2, 5
24
25
26
27, 29, 17
28
29, 30, 20
30, 18, 15

1, 7, 21
2
3, 10, 22
4, 3, 16
5
6
7, 19, 26
8, 4, 13
9
10, 12, 5
11
12, 17, 15
13
14
15
16
17, 28, 14
18, 8, 24
19, 29, 20
20
21
22
23, 18, 11
24
25, 30, 2
26
27
28, 25, 9
29, 23, 6
30, 27

1, 28, 30
2
3
4
5
6, 19
7
8, 21, 26
9
10, 15, 4
11, 18, 29
12, 17, 7
13, 24, 14
14
15, 8, 22
16, 13, 5
17, 16, 23
18, 10, 27
19
20, 11, 25
21, 6, 9
22
23
24, 20, 2
25
26
27
28, 12, 3
29
30

1, 29, 23
2
3, 14, 17
4, 28, 8
5
6
7, 27, 9
8
9
10, 12
11, 10, 24
12
13, 7, 2
14, 13, 5
15
16, 20, 26
17
18
19
20, 21, 19
21, 4, 25
22, 3, 15
23
24
25
26
27, 16, 18
28, 11, 30
29, 22, 6
30

1, 28, 5
2
3
4, 30, 2
5
6, 7, 29
7, 11, 12
8, 14, 16
9
10, 4, 9
11, 17, 22
12
13
14, 24
15, 20, 25
16
17, 23, 19
18
19
20, 21, 3
21, 6, 18
22
23, 8, 26
24
25
26
27
28, 10, 27
29
30, 15, 13

1, 12, 14
2
3
4
5
6, 28, 13
7, 26, 4
8
9, 30, 22
10
11
12, 15, 24
13
14
15, 9, 19
16, 23, 21
17, 20, 2
18, 6, 25
19
20, 16, 3
21
22
23, 18, 8
24
25
26, 5
27, 17, 10
28, 7, 11
29
30, 27, 29

1, 26, 9
2, 4, 16
3
4, 5, 8
5, 23, 14
6
7
8
9
10
11
12, 2, 27
13
14
15, 12, 25
16
17, 15, 18
18
19, 30, 29
20, 22
21, 19, 3
22
23, 24, 6
24, 20, 13
25
26, 21, 7
27
28, 17, 10
29
30, 28, 11

1, 28, 29
2, 7, 30
3
4
5
6, 2, 8
7, 17, 3
8
9, 10, 15
10, 18
11
12
13, 22, 14
14
15
16, 23, 27
17, 9, 20
18
19, 13, 12
20
21
22, 16, 21
23, 25, 11
24
25, 6, 24
26, 19, 5
27
28, 26, 4
29
30

1, 15, 2
2
3
4
5
6
7
8, 28, 6
9
10, 29, 30
11, 13, 5
12
13, 14, 12
14, 16, 7
15, 20, 25
16, 10, 3
17
18, 24, 27
19
20, 18, 22
21
22
23, 8, 17
24, 23, 21
25
26, 9
27
28, 11, 19
29, 26, 4
30

1, 22, 15
2
3, 27, 8
4
5
6
7, 30, 14
8
9, 28, 23
10
11
12
13, 3, 18
14
15
16, 13, 17
17
18
19, 25, 11
20, 10
21, 9, 6
22, 21, 2
23
24
25, 16, 4
26, 20, 24
27, 7, 5
28, 19, 12
29
30, 26, 29

1, 7, 17
2, 6, 24
3
4
5, 13, 22
6, 23, 16
7, 29, 3
8, 9, 27
9, 18, 20
10
11
12
13, 4
14
15, 2, 30
16
17
18, 5, 21
19, 8, 10
20
21
22
23, 26, 14
24
25, 15, 28
26, 19, 12
27
28
29, 25, 11
30

